4.964323040000000020e+00
4.055142880000000005e+00
3.184557439999999850e+00
5.529358389999999623e+00
4.330789089999999675e+00
1.900895119999999938e+00
3.206761119999999909e+00
4.286280630000000258e+00
4.127275469999999835e+00
3.991415019999999814e+00
4.803898329999999994e+00
4.730422970000000227e+00
4.735779289999999975e+00
4.351193900000000170e+00
3.282088519999999843e+00
2.037550449999999902e+00
1.960967300000000080e+00
2.140585660000000168e+00
1.936390760000000100e+00
1.851546050000000054e+00
2.170301680000000122e+00
1.966317890000000013e+00
2.014373539999999796e+00
1.979544760000000014e+00
1.970638869999999931e+00
2.178646329999999853e+00
2.218649860000000196e+00
3.216719149999999861e+00
2.328390119999999897e+00
2.488229749999999907e+00
1.816673519999999931e+00
2.026966330000000038e+00
2.009202479999999902e+00
2.458700659999999871e+00
3.113449570000000222e+00
2.708685640000000117e+00
2.066635129999999876e+00
2.419464350000000152e+00
1.742212180000000110e+00
1.976593730000000049e+00
2.422509910000000044e+00
2.102280379999999838e+00
2.301522020000000168e+00
1.974051950000000000e+00
2.132699249999999935e+00
1.684519410000000050e+00
2.023145910000000214e+00
1.868742939999999964e+00
2.331396579999999830e+00
1.903811930000000041e+00
2.191484449999999917e+00
2.099953170000000036e+00
2.413504600000000000e+00
1.868499520000000080e+00
1.898084040000000083e+00
2.179218049999999796e+00
1.825952049999999938e+00
1.909999849999999944e+00
1.831558229999999954e+00
2.035804510000000178e+00
2.074458359999999946e+00
1.946922059999999899e+00
1.964607479999999962e+00
2.009729389999999949e+00
1.947378159999999969e+00
2.201364279999999951e+00
2.289022450000000042e+00
1.922217129999999941e+00
2.175615549999999843e+00
2.302568200000000065e+00
2.288317440000000147e+00
2.327828880000000211e+00
2.738501069999999871e+00
2.027631759999999783e+00
2.081492190000000075e+00
2.351806160000000201e+00
2.083648680000000031e+00
2.191301109999999941e+00
1.930262680000000008e+00
2.610559700000000039e+00
3.700132850000000140e+00
3.279599909999999952e+00
3.585430860000000219e+00
2.213482379999999861e+00
2.132533070000000031e+00
1.843507290000000021e+00
1.977398870000000031e+00
1.916067479999999934e+00
3.256422999999999845e+00
1.890107509999999991e+00
1.880718590000000079e+00
3.061192510000000144e+00
3.191015479999999904e+00
3.443387029999999793e+00
3.257318259999999910e+00
2.158379080000000005e+00
1.767854809999999999e+00
2.154207940000000043e+00
1.800802350000000107e+00
2.210186240000000080e+00
1.964635249999999944e+00
1.871181009999999922e+00
2.111229659999999786e+00
1.989500049999999964e+00
2.419047120000000106e+00
2.043062209999999990e+00
1.986049650000000000e+00
3.505021569999999809e+00
2.026569840000000067e+00
2.612641809999999953e+00
1.898578169999999954e+00
2.346980090000000185e+00
2.187827829999999807e+00
1.840247390000000038e+00
2.042673109999999959e+00
1.867642639999999910e+00
1.812876340000000086e+00
2.348487140000000029e+00
2.012808800000000176e+00
1.999118919999999910e+00
1.937704440000000083e+00
2.164839029999999998e+00
1.830327269999999951e+00
1.839919920000000042e+00
2.122358559999999894e+00
3.149048089999999966e+00
2.210185290000000080e+00
1.995847460000000018e+00
2.166311980000000137e+00
2.368336919999999957e+00
2.078580619999999879e+00
2.000124220000000008e+00
2.028250219999999882e+00
2.305688139999999997e+00
2.028346539999999809e+00
1.985297199999999984e+00
2.047464370000000145e+00
2.427081110000000042e+00
3.110323909999999970e+00
1.962544319999999898e+00
2.224995610000000124e+00
1.922575829999999986e+00
1.827927230000000014e+00
1.810413119999999987e+00
2.180735349999999961e+00
1.859566089999999949e+00
1.889580730000000042e+00
1.902156830000000021e+00
2.434005500000000044e+00
2.150092359999999925e+00
2.053168059999999961e+00
1.883741619999999894e+00
2.103258369999999822e+00
2.747908590000000206e+00
2.205899239999999928e+00
2.289842129999999809e+00
2.090787409999999902e+00
1.975094560000000055e+00
2.091723679999999863e+00
2.240808009999999850e+00
2.042080400000000129e+00
2.052243709999999943e+00
2.226316209999999796e+00
1.837902670000000072e+00
1.914267299999999894e+00
3.394553419999999821e+00
3.264672759999999840e+00
2.237966060000000201e+00
1.809165719999999977e+00
2.133591650000000062e+00
3.314644579999999952e+00
2.092959399999999803e+00
2.073477749999999897e+00
2.087442639999999905e+00
1.697288750000000013e+00
2.059371469999999871e+00
2.181310889999999780e+00
2.081246140000000189e+00
1.892747519999999906e+00
3.217230080000000214e+00
2.138268710000000183e+00
1.924812790000000051e+00
2.194763899999999879e+00
1.876221780000000061e+00
1.925123209999999974e+00
2.070849420000000052e+00
1.852621440000000064e+00
2.104616399999999832e+00
2.021033759999999901e+00
1.874301079999999953e+00
1.816977019999999943e+00
2.167252539999999783e+00
2.576369759999999953e+00
1.815439699999999990e+00
1.820274109999999945e+00
2.049531700000000178e+00
2.170850750000000051e+00
3.211808920000000178e+00
1.914441590000000026e+00
1.962471370000000048e+00
2.246800900000000212e+00
2.342157359999999855e+00
1.942367320000000008e+00
2.054111960000000181e+00
2.512286899999999878e+00
2.184148069999999997e+00
2.026550530000000183e+00
1.879788280000000089e+00
1.960363979999999895e+00
2.067151069999999979e+00
2.275039909999999832e+00
2.144826650000000168e+00
2.125208619999999993e+00
2.232737059999999829e+00
2.322518350000000176e+00
2.197720050000000036e+00
2.107343670000000113e+00
2.119286779999999926e+00
2.021212339999999941e+00
2.235560420000000104e+00
1.937296630000000075e+00
1.780390499999999987e+00
2.033005709999999855e+00
1.930545930000000077e+00
1.878428580000000014e+00
1.926085590000000014e+00
2.183275940000000137e+00
1.789752360000000042e+00
2.425219059999999871e+00
1.937706109999999926e+00
2.147234440000000077e+00
2.449776410000000126e+00
1.961249470000000050e+00
2.114896059999999967e+00
1.947740440000000017e+00
2.276971819999999980e+00
2.763949869999999809e+00
2.882010220000000178e+00
2.918220760000000080e+00
1.928399799999999997e+00
2.145058160000000047e+00
1.945197459999999934e+00
3.402733560000000157e+00
2.238170150000000191e+00
1.788012979999999974e+00
2.454220770000000051e+00
1.855751509999999938e+00
2.150748249999999917e+00
1.971217750000000102e+00
1.838641289999999984e+00
2.296255830000000220e+00
1.942575450000000092e+00
1.995468969999999898e+00
2.193664549999999824e+00
1.999126549999999947e+00
2.118980409999999814e+00
2.061162949999999938e+00
2.383674140000000108e+00
2.379956959999999899e+00
2.049047949999999840e+00
2.028150080000000077e+00
2.051684380000000196e+00
1.919268130000000072e+00
1.917030100000000070e+00
2.042596580000000106e+00
2.138925790000000049e+00
2.291244509999999845e+00
2.011468649999999858e+00
1.879067419999999933e+00
2.205045699999999886e+00
2.052442549999999866e+00
2.023730039999999786e+00
3.220154759999999783e+00
3.511720899999999812e+00
1.945404050000000051e+00
1.979974270000000036e+00
2.775001050000000191e+00
1.978961710000000096e+00
1.843205449999999912e+00
2.070937400000000039e+00
1.878113750000000026e+00
2.060602659999999808e+00
1.937757729999999956e+00
2.113786699999999907e+00
1.817170259999999926e+00
2.030246260000000191e+00
1.861775399999999969e+00
2.038139820000000046e+00
2.075980659999999922e+00
2.181610109999999825e+00
2.179307699999999848e+00
1.988693590000000011e+00
2.067007779999999961e+00
2.288514849999999878e+00
2.100337740000000064e+00
2.388008360000000163e+00
2.013580559999999853e+00
2.025072339999999915e+00
2.001019240000000199e+00
2.045384879999999850e+00
2.346508500000000108e+00
2.105320690000000106e+00
1.924781679999999939e+00
1.980204220000000070e+00
4.813537600000000083e+00
4.732257370000000130e+00
4.422270769999999906e+00
3.318755869999999941e+00
3.812437529999999963e+00
2.780092240000000103e+00
1.927404880000000098e+00
1.926601409999999959e+00
2.069978240000000191e+00
5.333697800000000377e+00
9.399391169999999462e+00
8.568069460000000248e+00
7.707878589999999974e+00
5.795641419999999933e+00
2.094972849999999998e+00
2.470034120000000222e+00
2.628498790000000085e+00
1.858948830000000108e+00
1.853806609999999910e+00
1.970278619999999981e+00
2.331310750000000098e+00
1.926159259999999929e+00
2.028047799999999956e+00
1.896767740000000035e+00
3.211005689999999912e+00
4.014913560000000103e+00
3.330060480000000211e+00
1.899707669999999959e+00
2.126733300000000160e+00
2.385138990000000181e+00
1.850648520000000019e+00
2.163283589999999812e+00
1.971925020000000028e+00
1.861210110000000029e+00
1.945508959999999954e+00
1.973850370000000076e+00
1.769182800000000055e+00
2.353802920000000132e+00
2.135486129999999871e+00
2.037376880000000057e+00
2.034917829999999928e+00
2.271809100000000026e+00
1.958827260000000070e+00
1.950694319999999982e+00
1.961275459999999971e+00
2.398353100000000016e+00
3.391493559999999796e+00
3.526600600000000085e+00
3.363850830000000069e+00
4.601071359999999721e+00
3.655059580000000086e+00
2.068961620000000057e+00
4.288836479999999618e+00
2.016207459999999951e+00
1.622472879999999895e+00
2.247887850000000132e+00
1.892345189999999899e+00
2.145200969999999874e+00
1.819890020000000108e+00
4.002507210000000093e+00
3.287877320000000214e+00
4.261523249999999763e+00
4.424355030000000077e+00
3.999300719999999920e+00
2.232590200000000191e+00
2.002149820000000080e+00
3.231869459999999972e+00
1.862821939999999898e+00
2.131504769999999827e+00
2.041195389999999943e+00
2.119082689999999936e+00
2.204591039999999946e+00
1.805192469999999938e+00
2.040532830000000075e+00
1.992986680000000010e+00
2.347501519999999786e+00
2.038774010000000025e+00
2.261617660000000196e+00
2.048367260000000023e+00
2.115042449999999796e+00
1.915933969999999986e+00
1.784148569999999934e+00
1.697761649999999900e+00
2.061308379999999829e+00
1.669577840000000091e+00
2.059955840000000205e+00
1.811190129999999954e+00
2.057719469999999884e+00
2.079762940000000171e+00
2.046316150000000000e+00
2.212938550000000060e+00
2.246174809999999855e+00
2.065573929999999780e+00
1.929765579999999980e+00
2.104048249999999953e+00
2.064678910000000034e+00
1.866039039999999982e+00
2.214638470000000137e+00
1.789411309999999977e+00
1.963088869999999986e+00
2.067458150000000217e+00
3.466205360000000013e+00
4.635116580000000042e+00
4.618511200000000372e+00
3.418494459999999791e+00
3.838502409999999809e+00
3.289300680000000199e+00
3.506057259999999953e+00
1.974151130000000087e+00
1.986477019999999927e+00
1.915778159999999897e+00
1.833984260000000033e+00
2.164761540000000206e+00
1.844939710000000010e+00
4.425231929999999814e+00
2.027757170000000109e+00
2.218897099999999956e+00
1.926889539999999901e+00
2.053609849999999959e+00
1.961094859999999995e+00
1.964227799999999968e+00
2.067484859999999980e+00
2.318015340000000091e+00
1.860001440000000006e+00
2.366770740000000206e+00
2.419050459999999791e+00
2.206372979999999817e+00
1.966219429999999990e+00
1.960563419999999946e+00
2.078530789999999850e+00
3.584536550000000155e+00
1.974288700000000008e+00
2.015785460000000029e+00
1.812951680000000065e+00
1.872273330000000069e+00
1.876516220000000068e+00
1.826063629999999938e+00
1.835263249999999902e+00
2.355442050000000176e+00
2.027208330000000114e+00
2.203336000000000183e+00
3.568163390000000046e+00
3.431661609999999918e+00
3.362810130000000175e+00
3.711293940000000013e+00
1.938200949999999922e+00
1.893831730000000046e+00
2.035924669999999992e+00
1.760142330000000088e+00
1.982522490000000026e+00
1.965731499999999965e+00
2.068358180000000157e+00
1.733834389999999948e+00
1.793794270000000024e+00
2.113434310000000149e+00
2.160974980000000212e+00
3.484050270000000005e+00
3.576433660000000181e+00
3.645121810000000018e+00
3.660223960000000165e+00
1.907981750000000032e+00
1.867402669999999931e+00
2.087373499999999993e+00
1.812459830000000105e+00
2.271102910000000197e+00
1.894203419999999971e+00
2.583067180000000018e+00
1.878829239999999956e+00
2.179586410000000196e+00
1.878031250000000041e+00
1.925023439999999919e+00
1.817575099999999999e+00
2.551178929999999845e+00
1.876332520000000059e+00
2.184077499999999894e+00
1.773608800000000096e+00
2.198570970000000013e+00
2.368225339999999957e+00
1.906876800000000038e+00
4.801053050000000155e+00
3.677074429999999783e+00
5.114304070000000202e+00
2.127927779999999824e+00
3.331631419999999899e+00
3.561937809999999871e+00
3.490689520000000101e+00
3.760510920000000201e+00
2.090692999999999913e+00
1.896624800000000111e+00
1.937291620000000103e+00
2.264748809999999946e+00
2.159491780000000194e+00
1.976184010000000102e+00
2.865119459999999840e+00
3.987917659999999920e+00
5.954448700000000372e+00
5.923994060000000061e+00
6.286187649999999572e+00
4.977557179999999803e+00
5.845894809999999886e+00
6.581218240000000108e+00
6.041071890000000444e+00
4.934875009999999840e+00
5.509534359999999964e+00
5.281081679999999778e+00
6.670685770000000403e+00
4.113176819999999623e+00
4.539197439999999695e+00
4.053280830000000279e+00
4.151697640000000078e+00
3.999912500000000204e+00
4.690171239999999742e+00
4.446600909999999907e+00
4.447413440000000051e+00
4.752398969999999778e+00
4.396298409999999990e+00
4.102154249999999891e+00
4.633034709999999556e+00
4.399191380000000429e+00
5.094858649999999933e+00
1.762590050000000019e+00
1.868746760000000062e+00
1.907486440000000005e+00
1.930469750000000095e+00
2.028617619999999899e+00
2.107727049999999824e+00
2.117758750000000134e+00
2.177090880000000173e+00
1.967794419999999933e+00
2.111160760000000192e+00
2.140956159999999997e+00
2.254195689999999974e+00
1.939715389999999928e+00
1.956037400000000037e+00
2.055816650000000134e+00
2.037351370000000106e+00
2.180294509999999963e+00
1.966366770000000042e+00
3.264064069999999873e+00
2.345680479999999957e+00
2.129270079999999954e+00
2.150471689999999825e+00
1.984036679999999997e+00
1.981136919999999968e+00
1.899581310000000078e+00
2.102617980000000220e+00
2.103284120000000090e+00
2.306794879999999992e+00
2.232537750000000099e+00
2.263736010000000132e+00
2.527077670000000165e+00
2.155110839999999861e+00
2.019304509999999997e+00
2.036714789999999997e+00
2.044579269999999838e+00
2.237074139999999822e+00
1.953327299999999989e+00
1.922624590000000078e+00
2.015341760000000093e+00
1.882579570000000091e+00
2.077377559999999956e+00
2.233045820000000070e+00
2.334059719999999949e+00
2.048630709999999855e+00
2.042667150000000209e+00
1.918488259999999945e+00
2.028296709999999781e+00
1.867328410000000050e+00
1.878595830000000078e+00
4.168515679999999612e+00
1.881541130000000006e+00
1.903837439999999992e+00
2.198391200000000101e+00
3.942869190000000135e+00
4.200295449999999597e+00
1.929406759999999998e+00
1.908005710000000077e+00
1.803470490000000037e+00
2.147601840000000095e+00
4.770379540000000418e+00
2.138336180000000031e+00
2.080652950000000168e+00
2.296016690000000082e+00
1.916303749999999972e+00
1.962089060000000051e+00
2.116482019999999853e+00
2.659267659999999811e+00
1.967362279999999908e+00
1.891905069999999967e+00
1.751737359999999910e+00
2.063830139999999869e+00
2.235286949999999884e+00
2.220837589999999917e+00
2.026845929999999907e+00
2.039334769999999963e+00
1.959824680000000097e+00
2.045718910000000168e+00
2.241179230000000189e+00
1.883640170000000058e+00
1.915907980000000066e+00
2.212401149999999816e+00
3.830194000000000099e+00
3.908215520000000165e+00
3.713138820000000173e+00
2.536397220000000008e+00
3.495379690000000039e+00
1.826611159999999900e+00
2.088279490000000127e+00
2.207466129999999804e+00
1.808205719999999905e+00
1.757528310000000094e+00
1.850436809999999932e+00
1.987616300000000003e+00
2.466210840000000015e+00
1.864888190000000057e+00
1.980983970000000038e+00
1.993639109999999937e+00
1.945895200000000047e+00
1.929791330000000027e+00
2.070480820000000222e+00
1.890344259999999998e+00
2.299432279999999995e+00
2.018734690000000054e+00
1.996524930000000086e+00
1.930029269999999908e+00
3.718830590000000047e+00
1.856802110000000061e+00
1.839298840000000101e+00
2.170552250000000072e+00
2.064290520000000129e+00
1.794131039999999899e+00
1.854315640000000043e+00
1.882414339999999964e+00
2.217971089999999812e+00
2.272839779999999976e+00
1.879307150000000037e+00
2.004468919999999876e+00
2.192024710000000098e+00
1.973145369999999899e+00
1.846539619999999937e+00
2.095615389999999856e+00
1.869014860000000056e+00
2.055868390000000101e+00
1.938036199999999987e+00
2.206038480000000135e+00
2.119929079999999910e+00
2.030100580000000043e+00
2.336426729999999896e+00
1.948894619999999911e+00
2.062743900000000075e+00
2.230808730000000129e+00
1.755500319999999892e+00
2.075115199999999938e+00
4.415392879999999742e+00
1.831776019999999949e+00
1.981566429999999990e+00
1.895519729999999958e+00
1.889365200000000078e+00
2.044941899999999979e+00
1.894993310000000042e+00
2.090811249999999788e+00
1.909088850000000059e+00
1.954074620000000095e+00
2.317477230000000166e+00
1.988617059999999936e+00
2.113877299999999959e+00
1.902126310000000098e+00
2.065453530000000093e+00
4.415723319999999674e+00
4.356975079999999778e+00
4.558537480000000031e+00
4.111460209999999726e+00
3.848423719999999992e+00
4.611211299999999902e+00
5.282330990000000170e+00
4.839611050000000247e+00
4.191639419999999561e+00
5.003009800000000062e+00
4.623518940000000299e+00
3.019963029999999993e+00
3.348672870000000135e+00
3.702714439999999829e+00
2.320129870000000150e+00
3.229828120000000080e+00
2.178162100000000212e+00
2.153785940000000121e+00
1.969289899999999927e+00
2.089832780000000056e+00
1.860967279999999890e+00
1.940567369999999903e+00
1.669399139999999893e+00
1.965835809999999961e+00
1.808586720000000092e+00
2.022743699999999922e+00
2.085692410000000052e+00
1.836218359999999938e+00
2.085857869999999892e+00
1.849270109999999967e+00
2.113244770000000106e+00
2.310108179999999845e+00
4.825318339999999928e+00
3.963259219999999861e+00
5.121968749999999737e+00
2.332851890000000150e+00
3.058917520000000057e+00
2.388406279999999882e+00
2.030617710000000020e+00
1.896360870000000087e+00
5.212396619999999814e+00
4.374048710000000284e+00
4.605537410000000165e+00
5.046764370000000000e+00
3.944169519999999984e+00
3.567368979999999912e+00
3.330182310000000090e+00
3.192124129999999838e+00
4.608312129999999840e+00
4.761600490000000185e+00
2.105993030000000044e+00
3.641059400000000057e+00
4.505651470000000103e+00
3.683763980000000160e+00
4.189068790000000320e+00
3.564575430000000100e+00
4.177760600000000046e+00
1.930855039999999967e+00
2.218220710000000206e+00
1.931344989999999928e+00
3.463553189999999837e+00
3.028549669999999860e+00
1.939360980000000012e+00
3.517797230000000219e+00
3.549376730000000091e+00
3.500132799999999822e+00
1.841875429999999980e+00
2.282218690000000105e+00
2.306271310000000074e+00
2.585382699999999812e+00
3.647149800000000219e+00
2.571073530000000051e+00
2.280898329999999863e+00
2.460180999999999951e+00
1.957288499999999987e+00
2.029086829999999786e+00
2.104402780000000028e+00
3.369112490000000015e+00
2.132158280000000072e+00
1.844697950000000031e+00
1.982545500000000072e+00
2.501216649999999930e+00
2.582269189999999881e+00
2.411207909999999899e+00
1.939640159999999947e+00
1.973303199999999924e+00
2.157823560000000196e+00
2.174260139999999897e+00
2.075213429999999803e+00
2.031355860000000124e+00
2.292008399999999835e+00
1.836679219999999946e+00
2.126639369999999918e+00
2.078888889999999989e+00
1.831853270000000089e+00
2.038167000000000062e+00
1.979293350000000062e+00
2.020643709999999871e+00
2.030785320000000116e+00
2.214951749999999997e+00
1.876857400000000009e+00
2.045873879999999811e+00
1.968298440000000094e+00
3.002884390000000181e+00
5.735202789999999773e+00
2.123696330000000021e+00
1.867889520000000081e+00
4.087719919999999618e+00
3.869497060000000044e+00
2.731800080000000186e+00
3.691531420000000008e+00
3.868472339999999843e+00
4.670601369999999974e+00
4.522740360000000237e+00
5.020205970000000129e+00
4.637723920000000000e+00
5.105318549999999789e+00
3.656382320000000075e+00
2.874160049999999966e+00
3.790326600000000212e+00
3.031866309999999842e+00
3.435620779999999819e+00
1.926680090000000067e+00
1.934249399999999897e+00
2.000354290000000201e+00
2.057618380000000080e+00
1.974081640000000082e+00
2.050387380000000093e+00
2.040786740000000155e+00
1.890892510000000026e+00
1.943660139999999981e+00
2.127299069999999848e+00
1.981868739999999907e+00
3.896387100000000103e+00
2.293854239999999933e+00
2.013881440000000023e+00
2.153648850000000170e+00
1.884328250000000038e+00
1.976104139999999898e+00
1.949900270000000102e+00
2.387321229999999961e+00
2.137172940000000132e+00
2.034155370000000129e+00
2.036936760000000124e+00
1.995872019999999969e+00
2.552919859999999819e+00
2.250934840000000214e+00
1.963697910000000046e+00
1.746680379999999921e+00
1.898575190000000079e+00
1.954500909999999925e+00
1.972260949999999902e+00
1.928439500000000084e+00
2.451979160000000046e+00
1.917528509999999908e+00
2.453997139999999799e+00
2.172880409999999873e+00
1.867245440000000034e+00
2.152256250000000204e+00
2.096324210000000132e+00
1.995444540000000044e+00
1.894758579999999970e+00
1.736719370000000096e+00
2.241002799999999961e+00
2.267440080000000080e+00
2.148420810000000181e+00
2.414145949999999985e+00
1.837415100000000079e+00
1.859519960000000083e+00
2.199953320000000101e+00
2.540430549999999954e+00
1.977398989999999968e+00
2.322244640000000082e+00
1.950641749999999952e+00
2.036003829999999848e+00
2.070552830000000011e+00
2.060026409999999863e+00
1.879176380000000091e+00
1.945199490000000031e+00
1.923178910000000075e+00
2.055693629999999938e+00
1.774564620000000037e+00
2.286199569999999959e+00
2.064046380000000180e+00
2.213868859999999827e+00
3.884481189999999806e+00
3.008068320000000018e+00
1.812457200000000102e+00
1.957418560000000030e+00
1.877077579999999912e+00
1.918411139999999904e+00
1.984039190000000064e+00
2.251111030000000124e+00
2.502340559999999936e+00
2.956016539999999804e+00
4.488116739999999716e+00
4.263435839999999644e+00
2.053239580000000064e+00
2.579825880000000016e+00
1.918985720000000006e+00
1.939355729999999944e+00
3.585977080000000150e+00
4.885438920000000351e+00
4.454666610000000304e+00
3.621091369999999809e+00
1.842033980000000071e+00
2.011688470000000173e+00
2.447245839999999895e+00
2.247242930000000083e+00
2.087030410000000114e+00
2.106489659999999819e+00
2.071185830000000117e+00
1.927825810000000084e+00
2.024471999999999827e+00
6.328730580000000217e+00
5.761829849999999809e+00
6.577109339999999804e+00
3.945267439999999848e+00
5.261305329999999891e+00
3.616494419999999987e+00
3.173819069999999964e+00
2.925421479999999796e+00
1.972409010000000018e+00
3.433382990000000135e+00
3.224502559999999907e+00
3.582580329999999869e+00
1.767314080000000009e+00
4.431941990000000331e+00
4.186389450000000068e+00
4.192096229999999757e+00
4.728743549999999907e+00
4.705103399999999603e+00
4.004062180000000026e+00
2.318407769999999868e+00
2.268766160000000198e+00
4.237701419999999608e+00
6.695558550000000331e+00
8.224321370000000186e+00
4.718492509999999918e+00
3.223920580000000147e+00
4.449829580000000284e+00
8.169195179999999112e+00
6.461046699999999809e+00
7.498816970000000026e+00
7.728320599999999985e+00
5.308717729999999690e+00
3.753721479999999833e+00
3.221318239999999999e+00
2.310020209999999796e+00
2.223554609999999876e+00
3.208082679999999964e+00
2.263731959999999876e+00
4.213222029999999840e+00
1.914497969999999993e+00
1.896343829999999953e+00
1.775077339999999948e+00
2.535983799999999899e+00
4.625181200000000104e+00
2.063229320000000033e+00
2.136374710000000121e+00
2.725489140000000088e+00
2.074707029999999897e+00
1.966057539999999992e+00
1.872859000000000052e+00
4.574219229999999747e+00
2.340807199999999977e+00
1.922858119999999893e+00
2.144129509999999961e+00
2.214501380000000186e+00
2.130117180000000054e+00
1.774116639999999911e+00
2.121958489999999919e+00
1.781739710000000088e+00
1.900682690000000008e+00
2.115349290000000160e+00
1.869167330000000016e+00
2.135533090000000023e+00
2.034530399999999961e+00
2.501197579999999920e+00
2.120474339999999902e+00
2.259845020000000204e+00
2.048708679999999838e+00
2.100950479999999843e+00
2.796873329999999935e+00
2.082258940000000003e+00
2.246667620000000198e+00
1.987487079999999962e+00
2.289210080000000147e+00
3.279538150000000041e+00
1.802780990000000028e+00
2.274068830000000041e+00
2.124830479999999966e+00
2.103785509999999803e+00
2.302415610000000168e+00
2.809952739999999949e+00
2.022399899999999917e+00
1.873981359999999929e+00
2.313310620000000206e+00
2.020172119999999794e+00
2.139392139999999998e+00
2.092225550000000212e+00
2.156035660000000131e+00
4.115585799999999850e+00
2.128780599999999801e+00
1.955377340000000075e+00
2.197341440000000201e+00
1.972306249999999928e+00
1.960402130000000076e+00
1.882046459999999977e+00
3.706882949999999788e+00
2.238641980000000142e+00
1.990200399999999981e+00
2.175247670000000078e+00
2.297178029999999982e+00
2.101569650000000067e+00
2.392720460000000049e+00
1.948259350000000056e+00
1.936026449999999954e+00
1.960640909999999959e+00
1.870854140000000054e+00
2.298044439999999966e+00
2.055047270000000204e+00
1.985194679999999989e+00
1.920626759999999988e+00
1.944888589999999917e+00
1.960122469999999950e+00
2.115533829999999949e+00
1.867728229999999989e+00
2.133355859999999993e+00
4.418837070000000367e+00
2.186000589999999910e+00
2.650127410000000072e+00
2.177363399999999949e+00
1.954381230000000080e+00
1.889603609999999989e+00
1.915644530000000012e+00
1.982521769999999961e+00
2.532390359999999951e+00
3.426446199999999997e+00
3.379380460000000141e+00
3.736764669999999899e+00
3.452740190000000098e+00
2.082037210000000194e+00
2.262057299999999938e+00
2.304911849999999873e+00
1.895150069999999909e+00
2.022476909999999961e+00
2.110125299999999982e+00
1.915986299999999920e+00
2.520793439999999830e+00
1.904172900000000057e+00
4.518527510000000191e+00
4.319285869999999861e+00
4.417575839999999587e+00
1.962471599999999983e+00
3.846797469999999830e+00
2.739213939999999958e+00
2.091557499999999958e+00
2.008062840000000016e+00
2.649789569999999816e+00
3.816816090000000106e+00
2.110620019999999819e+00
2.069031719999999908e+00
2.223916050000000144e+00
2.012904409999999977e+00
3.540591720000000109e+00
3.624666930000000065e+00
3.957715270000000007e+00
4.819770809999999628e+00
5.043352600000000407e+00
4.387216569999999649e+00
4.675560950000000382e+00
4.724669460000000321e+00
2.484871389999999902e+00
1.985272769999999909e+00
1.876539109999999955e+00
2.301849840000000036e+00
3.662183760000000010e+00
3.259892939999999850e+00
3.301532030000000173e+00
3.508357999999999866e+00
3.960250849999999989e+00
1.965858579999999911e+00
1.979542490000000043e+00
4.120704169999999777e+00
4.559860709999999706e+00
4.521997930000000387e+00
1.788998960000000027e+00
2.115418669999999945e+00
8.051870349999999732e+00
6.926552299999999995e+00
5.748613830000000036e+00
9.314378740000000434e+00
8.095111850000000331e+00
8.312983510000000464e+00
8.824591639999999515e+00
8.175037379999999132e+00
5.824892519999999685e+00
5.997938630000000160e+00
6.777642730000000171e+00
5.526057240000000093e+00
5.666021350000000290e+00
6.591300010000000320e+00
5.845360760000000155e+00
4.675498959999999649e+00
7.182850359999999768e+00
4.455391879999999638e+00
5.394495489999999727e+00
5.952985759999999793e+00
4.751774789999999804e+00
6.106528759999999778e+00
5.618831160000000047e+00
5.059501169999999881e+00
5.933811190000000124e+00
4.088878150000000211e+00
4.433244710000000310e+00
6.691558839999999897e+00
5.041643139999999690e+00
5.844013209999999958e+00
6.041524410000000067e+00
4.846329690000000134e+00
4.382076739999999582e+00
3.712214229999999837e+00
4.220536710000000191e+00
4.041683670000000284e+00
3.743339300000000147e+00
4.829852100000000092e+00
2.840666769999999897e+00
3.298205139999999869e+00
3.278924229999999884e+00
2.366111989999999832e+00
2.484848019999999824e+00
3.296999220000000008e+00
3.130836009999999892e+00
2.492772340000000142e+00
3.153970719999999783e+00
2.348239659999999951e+00
1.911515950000000075e+00
2.114563469999999779e+00
2.003847599999999840e+00
2.216550349999999892e+00
1.823982479999999962e+00
1.865608099999999991e+00
2.225265030000000088e+00
2.226677420000000129e+00
2.094704150000000098e+00
1.894441009999999981e+00
1.989651679999999923e+00
1.912747259999999949e+00
2.167167430000000117e+00
2.209823130000000191e+00
2.001150609999999830e+00
2.033933160000000129e+00
2.137799980000000044e+00
2.055774689999999794e+00
2.079352860000000192e+00
1.886395339999999976e+00
2.098075629999999858e+00
2.360593080000000121e+00
2.029607060000000018e+00
1.842389229999999989e+00
2.023881910000000062e+00
1.818483950000000071e+00
1.894623280000000021e+00
1.901810290000000014e+00
2.118063450000000181e+00
1.874697330000000051e+00
1.902866720000000011e+00
1.906333449999999985e+00
1.811025260000000081e+00
2.074302199999999985e+00
2.259022240000000181e+00
2.024449830000000006e+00
2.022201780000000060e+00
2.222526789999999863e+00
2.101001979999999936e+00
1.962164999999999937e+00
2.215242389999999784e+00
3.098813059999999897e+00
2.124266389999999838e+00
2.151377440000000085e+00
1.676780579999999965e+00
3.723037720000000217e+00
3.566796060000000157e+00
3.280611040000000145e+00
2.362058160000000129e+00
3.537074570000000140e+00
1.998750449999999956e+00
2.209009410000000173e+00
1.938474889999999951e+00
2.073405740000000108e+00
2.351886270000000057e+00
1.949999210000000094e+00
1.828712459999999984e+00
2.266346690000000219e+00
1.968503359999999924e+00
1.940127020000000035e+00
2.023710250000000155e+00
2.167121170000000152e+00
1.967584730000000004e+00
1.952761769999999952e+00
2.009407040000000144e+00
2.262233970000000038e+00
2.093226669999999956e+00
2.743177179999999993e+00
1.721918939999999898e+00
2.126850839999999909e+00
3.483939649999999943e+00
3.735134599999999860e+00
3.835858580000000018e+00
3.213112590000000157e+00
3.639492989999999928e+00
3.318034649999999974e+00
3.964551929999999835e+00
6.021804809999999897e+00
9.991582870000000227e+00
9.440100669999999639e+00
7.795696259999999711e+00
7.106514930000000341e+00
5.238907339999999913e+00
6.134145740000000124e+00
8.620231629999999257e+00
7.328099729999999923e+00
6.395500659999999726e+00
7.132106300000000232e+00
9.169937129999999215e+00
5.686137679999999861e+00
9.039106370000000723e+00
8.054630279999999587e+00
5.785137180000000434e+00
6.193469999999999587e+00
6.194363120000000222e+00
5.331921580000000382e+00
5.952087399999999917e+00
4.864383700000000310e+00
4.777539729999999984e+00
3.989495750000000118e+00
5.359191889999999958e+00
5.430841449999999959e+00
4.629437919999999984e+00
5.991966719999999746e+00
7.187077999999999633e+00
8.450859069999999917e+00
7.981747150000000346e+00
5.893728259999999608e+00
7.314357280000000294e+00
7.416323180000000015e+00
7.049526690000000428e+00
7.363875870000000212e+00
7.732354159999999865e+00
6.697772500000000129e+00
5.624593729999999958e+00
5.539716239999999736e+00
5.050833700000000093e+00
5.325645920000000366e+00
4.749999520000000253e+00
4.708782669999999726e+00
4.500681400000000387e+00
4.736931799999999804e+00
5.931025980000000253e+00
5.026195999999999664e+00
4.748749260000000305e+00
3.909513469999999824e+00
4.381634710000000155e+00
4.057662009999999597e+00
2.001247880000000201e+00
2.018188240000000189e+00
1.934682730000000017e+00
1.995822910000000006e+00
1.924627780000000010e+00
2.058440689999999851e+00
2.098218440000000129e+00
1.996345159999999952e+00
1.842011209999999899e+00
1.862124200000000007e+00
1.775495409999999996e+00
1.970130090000000056e+00
1.798914549999999890e+00
1.900266769999999994e+00
1.922003509999999915e+00
1.950329179999999996e+00
1.866577860000000033e+00
1.977320189999999922e+00
3.751548290000000119e+00
3.570900200000000080e+00
3.679691309999999937e+00
1.824002619999999908e+00
2.217275139999999922e+00
3.152551170000000180e+00
2.056677819999999990e+00
4.155782219999999860e+00
3.499497180000000096e+00
3.117215390000000141e+00
1.945689800000000025e+00
5.010532859999999644e+00
2.939995999999999832e+00
2.887387040000000127e+00
2.383332250000000041e+00
3.779285670000000152e+00
3.749801639999999825e+00
3.724229339999999944e+00
3.634571310000000111e+00
4.717431549999999696e+00
4.281512740000000150e+00
3.578569170000000188e+00
3.109485630000000000e+00
4.022457600000000078e+00
3.409998180000000101e+00
3.627427819999999858e+00
3.473831650000000160e+00
2.279165030000000147e+00
2.854398250000000026e+00
3.873376130000000028e+00
1.673889640000000067e+00
2.273397450000000042e+00
2.418773410000000013e+00
1.830981020000000070e+00
2.452873470000000111e+00
2.241678949999999837e+00
2.072607989999999845e+00
2.095276119999999853e+00
1.951896910000000096e+00
1.892745020000000000e+00
2.139414790000000011e+00
2.279578690000000130e+00
2.028644560000000041e+00
3.128748889999999783e+00
4.119293210000000371e+00
2.081776860000000173e+00
2.138077260000000202e+00
1.785334109999999974e+00
4.145014289999999768e+00
1.827700019999999981e+00
2.000426529999999925e+00
3.542476890000000100e+00
1.808866740000000028e+00
3.428528070000000039e+00
5.307976720000000093e+00
5.488844870000000320e+00
1.754162070000000018e+00
2.475261210000000212e+00
2.141958949999999806e+00
3.361185789999999951e+00
2.102759600000000173e+00
3.833240509999999990e+00
3.618812080000000098e+00
3.834080220000000150e+00
3.797714229999999969e+00
5.283808709999999742e+00
5.443139549999999716e+00
4.930729870000000403e+00
4.713577270000000041e+00
2.115205290000000016e+00
2.678586010000000073e+00
4.924173829999999974e+00
2.959834579999999882e+00
5.506533150000000099e+00
4.712038520000000119e+00
4.008506299999999634e+00
4.519589899999999716e+00
3.697889570000000070e+00
3.760666849999999783e+00
3.978616479999999900e+00
3.801712989999999959e+00
4.975673200000000129e+00
5.828803060000000258e+00
3.911902669999999915e+00
3.630649809999999977e+00
6.153864859999999659e+00
4.347850320000000046e+00
7.772970199999999608e+00
5.896224020000000010e+00
3.384581569999999928e+00
3.983632089999999959e+00
4.711656089999999963e+00
3.582191470000000155e+00
6.619371890000000036e+00
3.188932900000000181e+00
3.284295800000000209e+00
3.583315370000000222e+00
4.811186789999999824e+00
5.114545820000000020e+00
4.946560380000000201e+00
5.193467140000000093e+00
5.551256659999999954e+00
4.077572820000000320e+00
5.939038280000000114e+00
4.196530820000000439e+00
2.313051699999999933e+00
2.082041740000000196e+00
2.073140620000000212e+00
2.106800789999999868e+00
1.810441849999999908e+00
2.108954910000000016e+00
2.018912550000000028e+00
1.906328440000000013e+00
2.097355369999999830e+00
2.411576989999999920e+00
1.890452620000000028e+00
1.929921510000000007e+00
1.807341929999999985e+00
2.201045039999999897e+00
1.901000859999999903e+00
1.849482300000000023e+00
1.978527549999999913e+00
2.105376240000000010e+00
2.068262100000000103e+00
1.914941189999999960e+00
2.040855880000000067e+00
3.823426009999999930e+00
2.960552929999999971e+00
2.821823359999999781e+00
3.392593619999999976e+00
3.677364349999999948e+00
3.027107480000000184e+00
2.016163829999999990e+00
3.207536939999999781e+00
3.618201730000000005e+00
2.419690130000000217e+00
1.817393660000000022e+00
1.800588489999999986e+00
2.133965490000000020e+00
2.118963959999999869e+00
3.547306299999999801e+00
1.806485410000000069e+00
2.154183859999999839e+00
2.012684580000000167e+00
3.474200960000000116e+00
1.974308610000000019e+00
2.148047449999999969e+00
2.192672009999999894e+00
2.090592149999999982e+00
2.048637390000000114e+00
2.001722570000000090e+00
2.000825879999999835e+00
2.071450000000000014e+00
1.930626029999999993e+00
2.193532230000000194e+00
1.861015920000000046e+00
5.507063869999999639e+00
4.348438260000000000e+00
4.550915719999999887e+00
4.673810480000000211e+00
5.023077490000000367e+00
5.322358610000000212e+00
3.933267589999999814e+00
4.020120620000000145e+00
3.872648480000000060e+00
4.227400300000000222e+00
3.574774500000000188e+00
4.636222840000000289e+00
4.113021370000000232e+00
3.960215569999999907e+00
4.481398579999999576e+00
4.309637549999999706e+00
3.966516969999999809e+00
4.323842530000000295e+00
1.632669810000000110e+00
2.819399359999999799e+00
3.996820930000000160e+00
4.723659989999999809e+00
4.174555780000000382e+00
3.674815890000000085e+00
3.639689919999999912e+00
3.630460020000000121e+00
2.288471219999999917e+00
1.833984489999999967e+00
2.011913059999999920e+00
2.265083070000000198e+00
2.440751080000000073e+00
2.362563370000000162e+00
1.947256450000000028e+00
1.973471879999999956e+00
2.269033910000000098e+00
2.110123399999999982e+00
2.019701480000000160e+00
2.048926830000000088e+00
3.200830219999999837e+00
3.396242140000000020e+00
3.767353770000000157e+00
4.523064139999999789e+00
2.168153760000000041e+00
2.076631069999999912e+00
2.241295809999999999e+00
1.883535270000000095e+00
1.920828339999999912e+00
3.494611019999999790e+00
5.660974979999999768e+00
2.165229319999999902e+00
1.871923690000000029e+00
4.230343819999999866e+00
3.505385400000000207e+00
3.106781479999999984e+00
3.591779709999999959e+00
4.554064750000000217e+00
2.480509759999999897e+00
5.864949700000000377e+00
4.061505320000000197e+00
3.566690679999999780e+00
3.560122250000000044e+00
2.027338980000000124e+00
4.036906720000000171e+00
2.885237220000000047e+00
3.095510480000000175e+00
2.001045940000000023e+00
2.993760110000000196e+00
3.017233370000000026e+00
1.989727849999999965e+00
1.846237300000000081e+00
2.085855720000000080e+00
2.095451119999999889e+00
2.033715490000000070e+00
1.874196170000000050e+00
2.027877329999999922e+00
2.244015930000000214e+00
2.036147829999999992e+00
2.023807759999999956e+00
1.882628680000000054e+00
2.110423330000000153e+00
2.009129999999999860e+00
2.242895840000000085e+00
3.429324149999999793e+00
3.544132949999999838e+00
1.855693339999999969e+00
2.282301659999999899e+00
2.101642369999999982e+00
3.426441189999999803e+00
5.562028879999999731e+00
2.063809870000000046e+00
2.002899890000000127e+00
1.895676850000000080e+00
2.147858859999999925e+00
2.189998629999999835e+00
1.993716239999999917e+00
2.025876520000000180e+00
1.831528309999999937e+00
2.235597610000000124e+00
2.547566180000000013e+00
1.782389519999999949e+00
2.057794809999999863e+00
2.102973700000000168e+00
2.358775619999999851e+00
3.820169930000000047e+00
3.552551750000000119e+00
2.098073009999999794e+00
2.140725370000000183e+00
1.986906889999999981e+00
1.883531209999999900e+00
2.095157620000000165e+00
2.057914020000000122e+00
1.933776380000000072e+00
2.017666339999999892e+00
2.289735320000000129e+00
2.417458530000000216e+00
2.177658319999999925e+00
2.282758470000000095e+00
2.426708699999999830e+00
2.220922949999999840e+00
2.072531940000000183e+00
2.080378290000000074e+00
3.226037260000000018e+00
5.424923899999999577e+00
1.761732099999999912e+00
1.977605700000000022e+00
2.863899229999999907e+00
2.123421430000000054e+00
3.090648170000000139e+00
4.215174199999999871e+00
3.539620639999999874e+00
3.271482709999999905e+00
3.688109160000000220e+00
3.493913169999999901e+00
3.583321329999999971e+00
4.042085170000000005e+00
4.232944009999999757e+00
3.657175060000000144e+00
1.938067200000000101e+00
4.374577050000000078e+00
5.668979639999999875e+00
4.649441239999999809e+00
5.135732649999999566e+00
4.227920059999999758e+00
5.544380190000000042e+00
4.849891190000000130e+00
6.142556189999999638e+00
5.411156179999999871e+00
4.947155949999999969e+00
5.005417819999999907e+00
5.014278889999999933e+00
5.312201980000000212e+00
5.168964859999999994e+00
5.726049419999999834e+00
5.147895339999999820e+00
4.636483669999999613e+00
5.095921989999999901e+00
4.686687949999999603e+00
4.517850880000000124e+00
3.909130329999999987e+00
3.409706349999999997e+00
9.259875299999999143e+00
8.151131630000000072e+00
7.733450890000000300e+00
7.259328840000000227e+00
6.746039389999999969e+00
2.068496940000000173e+00
2.995375160000000037e+00
2.054406170000000031e+00
1.871070269999999924e+00
2.550506350000000033e+00
2.349314929999999801e+00
2.095823999999999909e+00
1.789802190000000071e+00
1.964639430000000075e+00
1.947434190000000065e+00
3.699324610000000124e+00
4.101980209999999794e+00
3.601821900000000021e+00
4.489311220000000269e+00
3.897125959999999889e+00
4.119856829999999803e+00
3.704305170000000036e+00
3.891127109999999778e+00
2.463536019999999827e+00
3.456093549999999848e+00
2.841004850000000026e+00
1.868933560000000105e+00
2.772346970000000077e+00
2.057066199999999956e+00
1.792788739999999992e+00
3.808517220000000147e+00
2.032981630000000095e+00
2.043555500000000080e+00
2.078966139999999907e+00
1.871581670000000086e+00
2.396121030000000207e+00
1.759658689999999970e+00
1.804961919999999997e+00
2.371267319999999845e+00
2.042959209999999803e+00
2.944162369999999918e+00
4.013839240000000252e+00
3.871050830000000165e+00
2.291505809999999865e+00
5.440426829999999825e+00
4.909459589999999984e+00
4.956223959999999984e+00
2.766818279999999852e+00
3.862981079999999956e+00
3.658676149999999794e+00
3.660723920000000131e+00
1.789355400000000040e+00
2.418349500000000152e+00
1.697378520000000002e+00
4.506118299999999799e+00
1.743334289999999953e+00
1.918749330000000031e+00
3.702770709999999799e+00
3.438519240000000199e+00
3.254163500000000209e+00
3.390430690000000080e+00
2.098521470000000111e+00
1.993316770000000071e+00
2.079377169999999886e+00
1.863138909999999981e+00
2.019751069999999871e+00
1.887487169999999992e+00
1.873421309999999895e+00
2.178187610000000163e+00
2.373983620000000183e+00
2.005816460000000134e+00
2.150092120000000051e+00
2.008106950000000168e+00
2.045557740000000013e+00
2.117569449999999964e+00
1.766493440000000081e+00
1.700618739999999907e+00
1.950310229999999923e+00
1.896234149999999952e+00
2.603847270000000158e+00
2.034580469999999863e+00
1.861204269999999994e+00
2.237607479999999871e+00
3.213255639999999858e+00
3.383340599999999920e+00
3.134245159999999863e+00
4.662109850000000222e+00
4.218979359999999623e+00
4.599977970000000305e+00
4.334973340000000341e+00
3.353993889999999922e+00
2.996093029999999935e+00
4.519335749999999763e+00
4.159083370000000279e+00
4.157032010000000000e+00
5.935479639999999613e+00
6.103840830000000217e+00
4.057201390000000352e+00
4.234932419999999809e+00
5.685395240000000072e+00
2.934723620000000199e+00
2.077792169999999938e+00
1.590785619999999900e+00
2.042990210000000140e+00
2.079881429999999920e+00
1.851347450000000006e+00
2.106960540000000215e+00
1.913895370000000096e+00
1.811824679999999965e+00
2.144943950000000044e+00
1.998422270000000056e+00
4.134547709999999654e+00
2.220156429999999848e+00
2.208824159999999814e+00
2.147789959999999887e+00
1.984085920000000058e+00
4.265967850000000006e+00
4.696912769999999959e+00
3.704064129999999899e+00
5.904393670000000149e+00
6.639572140000000289e+00
3.909897570000000044e+00
3.235199929999999835e+00
1.837033509999999925e+00
2.183640720000000091e+00
1.990323660000000050e+00
1.800945280000000093e+00
2.235486269999999998e+00
2.402289389999999969e+00
1.898553369999999907e+00
2.363893989999999778e+00
1.786254290000000022e+00
1.950507519999999939e+00
2.313506129999999938e+00
2.323575260000000142e+00
1.824441790000000063e+00
2.102710249999999892e+00
2.006892440000000111e+00
2.020414829999999995e+00
1.848290919999999948e+00
1.940569159999999904e+00
4.208638190000000279e+00
5.095519539999999736e+00
1.836683269999999979e+00
3.786348579999999853e+00
3.939975019999999883e+00
4.091330049999999829e+00
4.029059410000000341e+00
4.411416530000000336e+00
5.213471890000000109e+00
5.414234160000000351e+00
6.394461630000000341e+00
7.719840529999999923e+00
4.801424980000000176e+00
5.575176240000000227e+00
5.211479660000000180e+00
4.700096130000000372e+00
4.856732850000000212e+00
5.017953870000000371e+00
5.350333209999999617e+00
4.314387800000000439e+00
4.478703499999999948e+00
5.009360789999999675e+00
4.952679630000000444e+00
5.229584219999999561e+00
5.300842760000000098e+00
5.029442790000000052e+00
4.556999209999999856e+00
5.167302130000000382e+00
5.216873650000000140e+00
4.944663049999999949e+00
5.300971030000000361e+00
2.145830150000000103e+00
2.219843860000000113e+00
2.045117620000000080e+00
2.050001620000000191e+00
1.914284110000000094e+00
2.190548900000000021e+00
1.840708140000000048e+00
1.880797510000000061e+00
1.933910969999999896e+00
1.910893079999999911e+00
2.046900030000000204e+00
1.937370899999999896e+00
1.821430679999999969e+00
2.246842379999999917e+00
2.180364850000000132e+00
2.299497600000000030e+00
2.220363859999999967e+00
2.104419710000000165e+00
2.037986989999999832e+00
3.596124650000000145e+00
4.172724719999999721e+00
2.429193740000000101e+00
1.942008849999999898e+00
3.220246790000000026e+00
4.402065280000000413e+00
2.059614419999999946e+00
2.490082740000000072e+00
2.227577210000000196e+00
3.003648999999999791e+00
3.811676499999999912e+00
3.457716229999999946e+00
3.918089870000000197e+00
2.106600760000000072e+00
2.325964209999999976e+00
2.323809150000000212e+00
2.101852420000000166e+00
2.218217370000000077e+00
2.091557739999999832e+00
1.931666139999999920e+00
2.051000360000000189e+00
1.847243430000000020e+00
2.124476430000000082e+00
2.250004769999999876e+00
2.051543000000000117e+00
2.002746820000000039e+00
1.920132519999999898e+00
1.869595410000000069e+00
2.221558570000000010e+00
1.933753009999999994e+00
1.913824079999999928e+00
2.067148449999999915e+00
2.105182409999999837e+00
2.776129249999999882e+00
1.873898269999999977e+00
3.609182119999999827e+00
3.513812300000000111e+00
1.916610839999999927e+00
3.484978680000000217e+00
3.004713769999999950e+00
3.416046859999999796e+00
4.422694680000000211e+00
1.717846629999999930e+00
4.063238619999999912e+00
3.206076860000000028e+00
3.435851340000000143e+00
2.142850639999999807e+00
3.582972999999999963e+00
3.149811979999999956e+00
3.276190039999999914e+00
3.838723180000000124e+00
2.154108050000000052e+00
1.967127080000000028e+00
2.636857029999999824e+00
1.813232900000000036e+00
2.079803469999999876e+00
1.941803219999999941e+00
2.061990259999999964e+00
1.923384900000000064e+00
2.044066669999999863e+00
1.809331660000000008e+00
2.160231829999999853e+00
2.002469780000000199e+00
2.739966630000000070e+00
2.059926509999999933e+00
2.231724260000000015e+00
1.815736529999999904e+00
1.946433190000000035e+00
4.420722010000000424e+00
4.082755090000000031e+00
3.544684890000000088e+00
5.405052659999999953e+00
4.033584120000000439e+00
4.827357290000000134e+00
4.427800180000000196e+00
4.271707529999999586e+00
1.881068229999999897e+00
5.568579670000000093e+00
6.258072849999999576e+00
5.045205120000000321e+00
5.410017970000000176e+00
5.690075870000000258e+00
6.483524319999999896e+00
5.911221499999999907e+00
5.996054169999999850e+00
6.521461959999999891e+00
4.818938730000000170e+00
5.150296209999999597e+00
4.617757319999999943e+00
3.767624619999999869e+00
5.308016300000000243e+00
5.840713499999999669e+00
5.873673440000000134e+00
4.186145780000000372e+00
3.548114780000000135e+00
4.901468279999999567e+00
5.812447549999999907e+00
3.723182920000000173e+00
3.365198850000000075e+00
4.451266770000000150e+00
4.064347269999999845e+00
1.927955749999999968e+00
1.847268340000000064e+00
4.325829510000000155e+00
3.513185019999999881e+00
1.951536179999999954e+00
2.487853050000000010e+00
2.010225530000000038e+00
2.692388530000000113e+00
3.457704070000000129e+00
2.488493679999999930e+00
4.119196409999999808e+00
3.629892830000000181e+00
3.454766039999999983e+00
3.014665369999999900e+00
2.794512029999999925e+00
4.495791910000000335e+00
4.490102290000000274e+00
3.936631919999999951e+00
3.965928550000000108e+00
4.140461919999999907e+00
4.071573260000000083e+00
4.340837959999999995e+00
2.083404779999999956e+00
1.915122750000000096e+00
1.956144569999999971e+00
2.018589019999999845e+00
1.986475229999999925e+00
2.118890289999999954e+00
2.404783960000000054e+00
2.168455840000000023e+00
1.814991349999999892e+00
2.159859180000000212e+00
1.805576440000000060e+00
1.834907410000000016e+00
2.703445429999999927e+00
2.356650829999999974e+00
2.307403090000000212e+00
2.008981939999999966e+00
2.026645419999999920e+00
2.094308850000000000e+00
1.806236029999999992e+00
2.017445089999999830e+00
2.101543899999999798e+00
2.219300989999999807e+00
2.122363330000000214e+00
1.998146179999999994e+00
2.093060260000000117e+00
1.935561180000000103e+00
1.931843519999999925e+00
1.873608109999999938e+00
2.024277929999999781e+00
1.703908559999999905e+00
2.866324660000000080e+00
1.883984679999999967e+00
2.289520739999999943e+00
2.002474780000000010e+00
2.108129739999999863e+00
2.252666000000000057e+00
1.820880290000000068e+00
1.868823890000000043e+00
2.016971830000000132e+00
4.338688369999999850e+00
4.541552069999999830e+00
4.705349449999999933e+00
4.404203889999999788e+00
4.586135389999999923e+00
4.225655080000000119e+00
4.507153029999999561e+00
4.315784449999999772e+00
4.325580119999999695e+00
3.773778919999999815e+00
4.595512870000000305e+00
5.068861960000000444e+00
4.729568480000000186e+00
5.449211599999999933e+00
4.559143539999999994e+00
3.574812890000000021e+00
4.987996579999999902e+00
4.925206659999999736e+00
3.859973909999999897e+00
4.309153560000000383e+00
6.131562230000000113e+00
6.407133100000000248e+00
5.544266219999999912e+00
5.151939389999999896e+00
5.391531470000000326e+00
3.646286959999999855e+00
3.992306950000000132e+00
4.391118529999999964e+00
3.402162790000000214e+00
5.834877490000000222e+00
5.657466890000000248e+00
3.908468720000000118e+00
3.353415009999999974e+00
2.828815220000000075e+00
5.303832530000000212e+00
4.647976400000000119e+00
2.985458850000000108e+00
1.962551710000000060e+00
2.261614080000000193e+00
2.080810790000000132e+00
1.894889709999999949e+00
5.024767399999999995e+00
6.046669009999999567e+00
7.581725600000000398e+00
6.122003079999999819e+00
4.428567410000000315e+00
7.671644689999999933e+00
7.977435589999999799e+00
5.006404879999999835e+00
5.386427399999999643e+00
5.065263749999999732e+00
5.090092180000000077e+00
4.459086890000000025e+00
6.120429989999999876e+00
4.700529580000000429e+00
5.388487340000000181e+00
4.423052789999999845e+00
5.410334109999999974e+00
5.351281639999999840e+00
5.219766139999999943e+00
5.771393299999999726e+00
7.552974220000000294e+00
3.932910440000000118e+00
5.250555040000000062e+00
5.954657079999999603e+00
5.026782039999999618e+00
5.426978590000000047e+00
5.007207870000000227e+00
5.633834359999999819e+00
4.602389340000000217e+00
4.920371059999999908e+00
5.236880779999999902e+00
4.959867949999999581e+00
4.989832879999999804e+00
4.579301359999999654e+00
4.564302920000000263e+00
5.235072609999999571e+00
5.492950440000000434e+00
5.334074969999999638e+00
4.918385029999999603e+00
4.730852600000000407e+00
4.923915860000000144e+00
5.052360529999999628e+00
5.096671579999999757e+00
5.029679299999999742e+00
5.243184570000000377e+00
5.353075030000000289e+00
5.556498050000000077e+00
4.714890480000000217e+00
4.719432829999999690e+00
5.913761140000000083e+00
3.932656049999999848e+00
4.019328589999999757e+00
4.344754700000000192e+00
4.925724029999999587e+00
4.529561039999999927e+00
4.973541260000000186e+00
5.510513780000000139e+00
5.185453889999999788e+00
5.250502589999999969e+00
4.570698260000000346e+00
4.417857650000000191e+00
5.033360960000000439e+00
5.382496360000000202e+00
4.961556429999999906e+00
4.870817660000000160e+00
3.566762209999999822e+00
4.016344069999999711e+00
4.737898829999999784e+00
3.790473700000000168e+00
2.800449130000000064e+00
4.171880250000000068e+00
1.825402860000000071e+00
2.117384669999999858e+00
2.022378440000000221e+00
2.209634069999999895e+00
2.423178430000000105e+00
1.826361179999999917e+00
2.150838610000000095e+00
2.088184360000000073e+00
2.140585900000000041e+00
2.006840470000000209e+00
4.778629780000000160e+00
4.889693740000000233e+00
4.446070670000000113e+00
2.023018840000000207e+00
1.899396419999999974e+00
1.757756590000000063e+00
2.125489949999999961e+00
1.912613389999999969e+00
1.894336220000000015e+00
1.757299069999999963e+00
1.817716359999999920e+00
2.140094760000000207e+00
1.885227559999999913e+00
1.814934849999999988e+00
2.323274849999999780e+00
1.914630290000000068e+00
1.914653420000000050e+00
2.193011049999999962e+00
2.167435649999999825e+00
2.283618210000000204e+00
3.092737440000000060e+00
3.566414120000000132e+00
3.579678299999999869e+00
3.528296469999999907e+00
3.145585300000000029e+00
2.003521440000000098e+00
3.092071059999999871e+00
3.539743420000000196e+00
1.931160570000000076e+00
2.036957979999999946e+00
2.110589979999999866e+00
1.691448929999999962e+00
1.844588990000000095e+00
1.857171059999999985e+00
2.147789720000000013e+00
1.835069540000000110e+00
2.106676100000000051e+00
2.020127299999999959e+00
1.868186120000000061e+00
2.118232250000000150e+00
1.910333749999999942e+00
2.026083470000000109e+00
2.217610599999999987e+00
2.067415710000000129e+00
1.801804069999999980e+00
1.824667810000000001e+00
1.972464800000000018e+00
1.903365729999999978e+00
1.914420959999999949e+00
2.192600969999999982e+00
5.452829839999999706e+00
5.101118089999999938e+00
3.858145710000000062e+00
3.706786629999999860e+00
3.415274619999999928e+00
2.171679259999999889e+00
3.981083630000000095e+00
3.886589289999999863e+00
5.168550009999999695e+00
3.562027930000000175e+00
4.868958949999999675e+00
4.640529629999999628e+00
5.835967540000000398e+00
4.690616130000000439e+00
4.415706160000000047e+00
4.382378580000000134e+00
4.572926999999999964e+00
4.467107300000000336e+00
3.831395860000000209e+00
4.702231880000000253e+00
4.345810410000000346e+00
5.164357189999999598e+00
4.550611499999999587e+00
5.006721500000000269e+00
5.145146849999999716e+00
5.003852840000000413e+00
6.580010409999999865e+00
2.299759630000000055e+00
6.368591310000000227e+00
5.794443130000000330e+00
5.544774529999999757e+00
4.214640619999999949e+00
5.415213109999999830e+00
5.191915990000000036e+00
4.515864370000000072e+00
5.574582099999999762e+00
5.842581749999999907e+00
5.089774130000000341e+00
4.085109229999999592e+00
5.167609210000000175e+00
5.322282790000000041e+00
5.328535559999999727e+00
3.957197900000000157e+00
4.818231110000000150e+00
5.182739729999999767e+00
4.386352539999999856e+00
4.848602770000000284e+00
4.365644930000000201e+00
4.664012910000000289e+00
4.557027820000000062e+00
4.332886700000000424e+00
2.093611479999999858e+00
3.411052699999999938e+00
3.089173080000000127e+00
3.774482009999999832e+00
3.317012549999999838e+00
3.657777069999999853e+00
3.251673700000000000e+00
3.047128920000000019e+00
4.735636709999999638e+00
3.470696450000000155e+00
1.966033099999999978e+00
3.054355619999999938e+00
7.862664699999999840e+00
3.615812539999999853e+00
4.373061660000000295e+00
3.556446789999999858e+00
4.119050979999999917e+00
3.650028470000000080e+00
4.772601599999999777e+00
4.210383890000000129e+00
4.944827079999999597e+00
4.109814639999999741e+00
6.710218430000000289e+00
4.684735299999999825e+00
5.321355819999999959e+00
1.854669810000000085e+00
2.000254389999999827e+00
2.027859690000000104e+00
2.090814110000000170e+00
1.984696390000000088e+00
1.795222880000000076e+00
2.277785300000000124e+00
1.720698599999999967e+00
2.020173310000000111e+00
2.040732619999999997e+00
2.041473390000000165e+00
3.556893109999999858e+00
3.557824609999999943e+00
1.899157999999999902e+00
1.904734609999999995e+00
4.362898829999999784e+00
3.896524910000000119e+00
3.397616390000000042e+00
4.019133090000000408e+00
3.244410750000000121e+00
4.525404929999999659e+00
5.415883059999999638e+00
5.822755810000000309e+00
8.202527050000000486e+00
4.170527459999999742e+00
4.477798939999999561e+00
4.688770289999999896e+00
3.738045449999999992e+00
4.284877299999999778e+00
4.066190719999999814e+00
3.288692000000000171e+00
4.449416160000000176e+00
5.660088059999999643e+00
5.316043849999999793e+00
1.976711509999999894e+00
3.358931060000000191e+00
3.222219229999999879e+00
4.260703559999999612e+00
3.559146169999999998e+00
3.737931249999999928e+00
3.570405009999999990e+00
3.334453819999999791e+00
3.483821869999999876e+00
2.621812110000000029e+00
3.053165439999999897e+00
1.781518939999999995e+00
1.871099230000000002e+00
3.189189199999999946e+00
2.707650660000000098e+00
5.114657880000000212e+00
1.842278719999999925e+00
3.750987530000000181e+00
2.379095550000000170e+00
3.353956460000000028e+00
3.866603369999999984e+00
2.713980670000000206e+00
1.938914900000000108e+00
4.036012170000000232e+00
4.251792909999999814e+00
2.046260600000000096e+00
2.573557380000000006e+00
3.880064490000000088e+00
2.828535079999999979e+00
3.426790480000000194e+00
3.150999549999999871e+00
2.656026600000000126e+00
2.314903970000000033e+00
2.100145340000000083e+00
1.893701429999999908e+00
1.863684300000000071e+00
1.887374639999999992e+00
2.758950229999999948e+00
1.644322630000000007e+00
2.074565649999999817e+00
1.917962429999999996e+00
2.451302529999999980e+00
2.087248090000000111e+00
1.823024750000000083e+00
2.355030540000000006e+00
2.271060470000000109e+00
1.920938730000000039e+00
2.221459869999999892e+00
1.925430889999999895e+00
1.685830350000000033e+00
2.055771109999999791e+00
2.214187379999999816e+00
1.976915479999999947e+00
2.033198829999999901e+00
1.993787650000000022e+00
2.087152960000000057e+00
1.939542289999999891e+00
1.941880700000000015e+00
1.869603040000000105e+00
3.001930950000000209e+00
2.028028729999999946e+00
2.015664099999999959e+00
2.493390799999999796e+00
1.960486050000000091e+00
2.038093089999999830e+00
2.008534430000000093e+00
1.931579949999999934e+00
2.090602159999999987e+00
2.067218070000000019e+00
1.921326279999999942e+00
2.089138750000000044e+00
2.416234250000000028e+00
2.010250810000000055e+00
3.321013929999999892e+00
1.968174579999999896e+00
2.325378179999999961e+00
2.020448449999999951e+00
2.240889790000000215e+00
2.123204229999999804e+00
2.047170159999999850e+00
2.431093689999999974e+00
1.972163319999999942e+00
2.153460030000000192e+00
2.219772820000000202e+00
2.162079569999999951e+00
1.879952070000000086e+00
2.197503569999999851e+00
1.785193919999999990e+00
1.904237149999999934e+00
2.334397319999999887e+00
2.356456759999999928e+00
1.980762960000000072e+00
1.876969810000000072e+00
1.829917430000000067e+00
1.820848229999999957e+00
1.754619719999999994e+00
1.955500959999999955e+00
1.887457369999999912e+00
1.999148729999999929e+00
2.041811699999999785e+00
2.523452520000000199e+00
2.101472849999999948e+00
2.365460629999999842e+00
1.971145750000000030e+00
1.938064339999999941e+00
1.936051610000000034e+00
1.696146970000000032e+00
3.204623939999999838e+00
1.887349249999999978e+00
2.022794250000000016e+00
1.906543139999999914e+00
2.471159699999999848e+00
1.943297030000000092e+00
2.565798759999999845e+00
2.051539179999999796e+00
2.380653380000000041e+00
2.162335629999999842e+00
1.850865360000000015e+00
4.772132400000000274e+00
4.315214629999999829e+00
4.896183009999999669e+00
5.360760209999999581e+00
5.167138099999999845e+00
4.717938900000000046e+00
4.975279330000000222e+00
4.557650569999999846e+00
5.186030389999999990e+00
4.558310989999999840e+00
5.142237660000000155e+00
4.985600950000000253e+00
4.998927120000000279e+00
5.739674570000000031e+00
5.326097490000000434e+00
4.879036900000000010e+00
4.304892539999999990e+00
4.861159800000000253e+00
4.484474180000000310e+00
5.528204439999999664e+00
4.341349120000000283e+00
4.491002080000000340e+00
5.638839720000000000e+00
4.663838860000000253e+00
5.266290660000000123e+00
5.507256029999999747e+00
5.638243199999999788e+00
4.876591679999999762e+00
5.345233920000000083e+00
4.702728750000000346e+00
4.494243140000000025e+00
5.133081909999999581e+00
4.252413749999999659e+00
4.235717300000000130e+00
4.716382979999999669e+00
4.596267700000000289e+00
5.386149879999999612e+00
5.108660219999999974e+00
4.118546959999999757e+00
5.046777729999999629e+00
4.801401140000000289e+00
4.992396829999999674e+00
4.761791230000000041e+00
5.806708809999999943e+00
4.496597770000000160e+00
5.176480289999999762e+00
4.806132319999999680e+00
5.707777019999999979e+00
5.371879579999999876e+00
5.282622810000000335e+00
5.273311139999999675e+00
5.517286300000000310e+00
4.872046469999999907e+00
6.045856950000000118e+00
4.832418439999999649e+00
5.153450489999999995e+00
4.440732480000000315e+00
5.326858040000000294e+00
5.145428179999999685e+00
4.442393779999999737e+00
4.867639539999999876e+00
5.075371739999999576e+00
5.820927140000000222e+00
4.626480579999999954e+00
5.328137400000000135e+00
4.962822909999999865e+00
5.213772299999999582e+00
4.992262359999999788e+00
5.358046530000000196e+00
4.639487739999999860e+00
4.455236909999999995e+00
4.405193810000000099e+00
5.042313100000000325e+00
5.681578639999999680e+00
5.664812089999999856e+00
5.528880599999999923e+00
6.197940830000000290e+00
4.718777180000000016e+00
4.445623399999999670e+00
4.580985069999999659e+00
4.944601060000000103e+00
4.645038129999999654e+00
5.085059639999999881e+00
4.830173489999999958e+00
6.444257259999999654e+00
4.549237250000000010e+00
4.677545549999999608e+00
7.001155849999999958e+00
8.138382910000000692e+00
5.760284419999999628e+00
7.343584060000000413e+00
4.797941680000000098e+00
4.443192960000000191e+00
5.213059900000000191e+00
5.561026570000000113e+00
5.102558140000000186e+00
5.006375310000000134e+00
5.177252769999999948e+00
4.503123760000000253e+00
4.513066770000000005e+00
4.551593300000000397e+00
5.381470199999999870e+00
5.152518269999999845e+00
4.923708440000000408e+00
5.020798209999999706e+00
4.326546190000000180e+00
4.765345570000000031e+00
4.440303329999999882e+00
4.585780139999999783e+00
5.584069730000000398e+00
5.135349749999999602e+00
6.093256000000000228e+00
5.012035370000000434e+00
4.500168799999999969e+00
4.162714000000000247e+00
4.913024430000000109e+00
4.894619940000000113e+00
4.806467060000000124e+00
4.644756789999999746e+00
4.774577139999999886e+00
4.560879710000000031e+00
5.822923180000000087e+00
6.008269310000000196e+00
1.780619380000000085e+00
2.214519500000000196e+00
2.469535109999999811e+00
2.055580379999999874e+00
1.808373089999999905e+00
2.019753929999999809e+00
2.840175869999999936e+00
3.117486480000000171e+00
2.325193640000000173e+00
1.960053440000000036e+00
2.221128230000000148e+00
2.505413770000000095e+00
2.227842809999999840e+00
2.135556460000000101e+00
2.348407030000000173e+00
1.930518629999999902e+00
2.385705709999999868e+00
1.978001590000000087e+00
1.971955179999999919e+00
1.960489869999999968e+00
2.013379809999999992e+00
1.952049850000000086e+00
2.607854600000000023e+00
2.103354219999999941e+00
1.807348610000000022e+00
2.099285839999999848e+00
2.198609589999999780e+00
1.912640689999999921e+00
2.856237890000000057e+00
1.777107479999999962e+00
2.024652720000000183e+00
3.414587500000000109e+00
5.215535159999999948e+00
6.545543669999999814e+00
4.664159770000000371e+00
3.561025139999999922e+00
3.037550449999999902e+00
1.869700310000000032e+00
2.466763020000000139e+00
2.262037750000000180e+00
2.230117799999999928e+00
2.012688160000000170e+00
1.992181179999999996e+00
1.792537929999999946e+00
2.099973680000000176e+00
3.721367600000000220e+00
2.226433989999999863e+00
2.042662860000000080e+00
2.976840499999999778e+00
1.904863119999999910e+00
2.472147459999999963e+00
2.935538530000000090e+00
2.152140859999999822e+00
2.024133210000000016e+00
