6.061852929999999695e+00
4.624855039999999917e+00
3.921888109999999816e+00
5.437693600000000238e+00
5.548942570000000352e+00
2.871431830000000129e+00
3.417929169999999850e+00
5.373818870000000025e+00
5.543175220000000181e+00
5.012176039999999944e+00
6.007474900000000062e+00
5.825077529999999726e+00
6.305742259999999710e+00
5.971692560000000150e+00
4.124487880000000217e+00
3.322423929999999803e+00
3.318374400000000168e+00
3.278748039999999975e+00
3.131022689999999997e+00
2.991737130000000189e+00
3.644252540000000096e+00
3.454677339999999930e+00
3.180218940000000050e+00
3.211993459999999967e+00
3.296441559999999882e+00
3.396618129999999791e+00
3.165475369999999788e+00
1.921619179999999982e+00
3.542949440000000116e+00
3.700999019999999806e+00
3.167790169999999961e+00
2.762499089999999935e+00
3.248847249999999853e+00
3.465918059999999912e+00
3.696323159999999941e+00
3.964412209999999881e+00
3.028630020000000034e+00
3.789183140000000005e+00
3.068559889999999957e+00
3.389781709999999837e+00
3.473338130000000135e+00
3.269763470000000005e+00
3.614442830000000217e+00
3.285397769999999884e+00
3.211506840000000196e+00
2.981378079999999819e+00
3.442721370000000114e+00
3.345767500000000005e+00
3.684927940000000124e+00
2.812841650000000193e+00
3.656296250000000025e+00
3.468547340000000201e+00
3.729740140000000093e+00
3.234520439999999830e+00
3.503952500000000025e+00
3.709809059999999992e+00
3.079642530000000100e+00
3.292385100000000175e+00
3.074703930000000085e+00
3.091102840000000018e+00
3.434776540000000100e+00
3.320915219999999834e+00
3.123381139999999778e+00
3.201846119999999907e+00
3.177257780000000142e+00
3.148200510000000119e+00
3.378106589999999798e+00
3.178567409999999871e+00
3.101321459999999863e+00
3.821348190000000145e+00
3.392473700000000036e+00
3.526201250000000176e+00
2.007063630000000209e+00
3.325869319999999796e+00
3.005609039999999954e+00
3.442304609999999876e+00
3.482094050000000163e+00
3.534260989999999936e+00
3.391532180000000007e+00
3.907670019999999855e+00
2.092341180000000023e+00
1.773390409999999973e+00
1.970939989999999975e+00
3.494272229999999979e+00
3.453385589999999894e+00
2.931981089999999845e+00
3.224498510000000095e+00
3.378593439999999948e+00
4.091805929999999591e+00
3.038251879999999794e+00
2.905546900000000043e+00
4.164385320000000057e+00
3.826297999999999977e+00
4.069530959999999808e+00
4.696780200000000072e+00
3.279097319999999982e+00
3.180918220000000129e+00
3.075886960000000059e+00
2.966042279999999920e+00
3.553224329999999931e+00
3.284847740000000016e+00
3.244516130000000054e+00
3.182975289999999902e+00
3.366492510000000049e+00
3.501569509999999941e+00
3.103773359999999926e+00
3.034839869999999884e+00
4.374250889999999892e+00
2.809073450000000083e+00
2.939741610000000005e+00
3.275739909999999977e+00
3.296623229999999793e+00
3.276598930000000021e+00
3.058433060000000037e+00
3.355354549999999936e+00
2.932946439999999821e+00
2.771535629999999806e+00
3.714914799999999850e+00
3.168659209999999948e+00
2.793529990000000129e+00
3.178837539999999962e+00
3.447579859999999830e+00
2.884269479999999941e+00
3.263835429999999871e+00
3.393519400000000186e+00
3.851718190000000153e+00
3.217159510000000111e+00
3.132476570000000127e+00
3.625978229999999858e+00
3.769784210000000080e+00
3.441295859999999873e+00
2.820814850000000096e+00
3.467348340000000029e+00
3.654982570000000042e+00
3.341409210000000130e+00
3.262841219999999876e+00
3.267251969999999783e+00
3.790739540000000130e+00
3.966120239999999963e+00
3.113020899999999980e+00
3.798331979999999941e+00
2.983447550000000170e+00
3.009332899999999977e+00
3.225322250000000057e+00
3.664201499999999889e+00
2.937973260000000142e+00
3.096364260000000090e+00
2.934478279999999994e+00
3.333904029999999796e+00
3.107425210000000160e+00
3.366197820000000007e+00
3.546746249999999989e+00
3.103592159999999822e+00
3.888267279999999992e+00
3.602149960000000206e+00
3.438762660000000082e+00
3.238368749999999796e+00
3.271954299999999982e+00
2.978669879999999992e+00
3.658718110000000134e+00
3.371366500000000155e+00
3.250610829999999840e+00
3.684531209999999835e+00
3.020906210000000147e+00
3.039825200000000116e+00
3.765578029999999909e+00
4.197556500000000135e+00
3.414110659999999964e+00
2.884201050000000155e+00
3.110644580000000214e+00
1.969595790000000068e+00
3.403895850000000056e+00
3.158068660000000083e+00
3.550829409999999964e+00
3.160284279999999946e+00
3.473167899999999975e+00
3.516333100000000211e+00
2.924687860000000139e+00
3.198846339999999788e+00
1.912301660000000014e+00
3.317679169999999900e+00
3.042330269999999892e+00
3.684886459999999975e+00
3.293278690000000175e+00
3.145552159999999819e+00
3.319952489999999923e+00
3.293843030000000116e+00
3.094944239999999791e+00
3.255516769999999838e+00
3.141043189999999985e+00
3.204903840000000059e+00
3.562591079999999799e+00
3.520084859999999871e+00
3.210828540000000064e+00
2.745391370000000109e+00
3.431861640000000158e+00
3.757703300000000191e+00
2.481710670000000007e+00
3.419152979999999786e+00
3.125604150000000025e+00
3.623271229999999843e+00
3.327613350000000025e+00
3.516336439999999897e+00
3.370901579999999953e+00
3.516094450000000204e+00
3.413124079999999783e+00
2.914978979999999886e+00
3.123149390000000025e+00
3.173084499999999863e+00
3.297153230000000157e+00
3.398734569999999788e+00
3.375482320000000147e+00
3.238732100000000003e+00
3.500584599999999824e+00
3.557679890000000178e+00
3.735722060000000067e+00
3.098089219999999866e+00
2.850316999999999990e+00
3.219662430000000075e+00
3.368587970000000098e+00
3.388228180000000034e+00
3.393378729999999788e+00
3.343672039999999956e+00
3.365993260000000209e+00
3.335717199999999938e+00
3.258542779999999972e+00
3.499652859999999865e+00
3.290439130000000212e+00
3.708620310000000142e+00
3.121842149999999982e+00
3.575281139999999969e+00
3.723900079999999946e+00
2.926698920000000204e+00
3.283577680000000054e+00
3.284519669999999891e+00
3.493897909999999829e+00
3.707515240000000212e+00
3.841991419999999824e+00
3.654118539999999804e+00
3.173436639999999809e+00
3.632439139999999789e+00
3.471150399999999969e+00
3.544026140000000158e+00
3.795380119999999913e+00
3.289056299999999933e+00
3.667613740000000178e+00
2.986984249999999896e+00
3.669454340000000148e+00
3.262037519999999802e+00
3.256550069999999852e+00
3.522695300000000085e+00
3.511180640000000075e+00
3.560690160000000049e+00
3.455114839999999798e+00
3.501836060000000028e+00
3.639931439999999796e+00
3.439495330000000184e+00
3.614809989999999917e+00
3.684819220000000062e+00
3.080730200000000085e+00
3.261197329999999894e+00
3.375212910000000122e+00
3.248356820000000145e+00
3.443621160000000181e+00
3.224501130000000160e+00
3.452332740000000122e+00
3.822266340000000096e+00
3.297166349999999913e+00
3.192587379999999975e+00
3.643810750000000098e+00
3.082500220000000013e+00
3.493968489999999871e+00
1.905569789999999930e+00
1.988846179999999908e+00
3.200212720000000122e+00
3.060882090000000222e+00
3.320074319999999801e+00
3.245996480000000073e+00
3.015374659999999984e+00
3.521391149999999914e+00
3.040874960000000016e+00
3.165854449999999876e+00
3.185818199999999933e+00
3.587353470000000044e+00
3.035466430000000049e+00
3.141733410000000060e+00
3.206803799999999871e+00
3.522057289999999785e+00
3.579899549999999930e+00
3.549336910000000067e+00
3.391917470000000101e+00
3.141383649999999861e+00
3.402701620000000204e+00
3.487185000000000201e+00
3.593703749999999975e+00
3.486272570000000126e+00
3.405434370000000044e+00
3.208752630000000217e+00
3.204193829999999910e+00
3.251537079999999857e+00
3.624705309999999958e+00
3.239149569999999922e+00
3.288802389999999853e+00
3.231901409999999863e+00
6.271355149999999767e+00
5.922862529999999737e+00
5.804916859999999623e+00
4.325379850000000026e+00
5.220880509999999752e+00
2.856065749999999959e+00
2.991675139999999899e+00
2.909877779999999969e+00
3.259292359999999888e+00
5.317415239999999876e+00
9.398262020000000661e+00
8.988597869999999546e+00
8.536078449999999762e+00
4.681116099999999669e+00
3.223881239999999870e+00
3.867211100000000012e+00
3.403790709999999997e+00
3.292253489999999783e+00
3.092506170000000054e+00
3.120733739999999923e+00
3.642131329999999778e+00
3.230172630000000211e+00
3.200268030000000152e+00
2.948848719999999979e+00
3.367168190000000116e+00
3.515754700000000010e+00
4.268973830000000191e+00
2.933700799999999997e+00
3.676913980000000137e+00
3.571244000000000085e+00
2.957042690000000196e+00
3.400069709999999912e+00
3.039242030000000039e+00
3.257284879999999827e+00
3.352449659999999998e+00
3.336223599999999845e+00
3.229135270000000002e+00
3.436830280000000126e+00
3.262357000000000173e+00
3.581866259999999968e+00
3.488339659999999842e+00
3.496371270000000031e+00
3.065463540000000098e+00
3.428148980000000012e+00
3.324949259999999907e+00
3.625476359999999953e+00
2.390669350000000026e+00
2.155411720000000031e+00
2.065065380000000062e+00
4.017636300000000382e+00
3.892712589999999917e+00
3.249687429999999821e+00
5.560163499999999814e+00
3.188603640000000183e+00
2.778580900000000131e+00
3.229456900000000186e+00
3.162499190000000127e+00
3.191253899999999977e+00
3.355979679999999910e+00
5.189769270000000212e+00
4.506317140000000165e+00
5.325484750000000211e+00
5.517589570000000165e+00
5.306885239999999726e+00
3.428136830000000135e+00
3.220476389999999967e+00
4.412413120000000077e+00
3.095707650000000033e+00
3.521795029999999826e+00
3.315132139999999783e+00
3.355798959999999997e+00
3.532735820000000082e+00
3.362288949999999943e+00
3.472444770000000069e+00
3.394364120000000096e+00
3.692162279999999797e+00
3.118507859999999798e+00
3.399119139999999817e+00
3.610455270000000105e+00
3.236568450000000041e+00
3.210169790000000134e+00
3.216112139999999897e+00
3.178256030000000010e+00
3.442177529999999930e+00
3.109619139999999948e+00
3.455815550000000069e+00
3.139505619999999997e+00
3.185596229999999807e+00
3.403844359999999902e+00
3.277577640000000070e+00
3.418975109999999873e+00
3.135730269999999820e+00
3.029534340000000103e+00
3.132127759999999927e+00
3.488282439999999873e+00
2.971967939999999864e+00
3.111317629999999834e+00
3.227227210000000124e+00
3.165280339999999804e+00
3.022018909999999892e+00
3.191897389999999834e+00
2.162615779999999877e+00
4.742846489999999804e+00
4.739128589999999974e+00
2.053821090000000016e+00
2.242786409999999897e+00
2.025070910000000168e+00
2.109148499999999871e+00
3.408386709999999820e+00
3.010065790000000074e+00
2.881489039999999946e+00
3.005276920000000018e+00
3.485886809999999780e+00
2.951216699999999804e+00
5.830239299999999680e+00
2.994523290000000060e+00
3.325250389999999889e+00
3.296502349999999915e+00
3.376297239999999977e+00
2.924965380000000170e+00
3.310014719999999855e+00
3.498379710000000031e+00
3.502770190000000117e+00
3.141592259999999914e+00
3.805652859999999915e+00
3.424057480000000098e+00
3.361496929999999939e+00
3.317063329999999866e+00
3.244379040000000103e+00
3.313327790000000217e+00
2.254639389999999910e+00
3.014262200000000114e+00
3.355310439999999783e+00
3.266020300000000098e+00
3.271727090000000171e+00
3.131434679999999915e+00
3.312416320000000081e+00
3.188044790000000184e+00
3.728908300000000065e+00
3.407669310000000173e+00
3.247860670000000116e+00
2.063303470000000139e+00
2.226092340000000114e+00
2.085641620000000085e+00
2.222155569999999969e+00
3.114175079999999873e+00
3.017581219999999842e+00
3.298770189999999936e+00
2.858972790000000153e+00
3.323511120000000041e+00
3.324218029999999935e+00
3.534599299999999999e+00
3.102951050000000155e+00
3.110640290000000086e+00
3.397248269999999959e+00
3.535662170000000160e+00
1.985348340000000045e+00
2.027166600000000152e+00
2.083530430000000155e+00
2.074918269999999954e+00
3.178902390000000189e+00
3.252576350000000005e+00
3.122321130000000000e+00
3.077504869999999837e+00
3.488564010000000160e+00
2.990963700000000003e+00
3.433571339999999861e+00
3.078342440000000124e+00
3.064729450000000188e+00
3.097836730000000038e+00
3.376401899999999845e+00
3.004346369999999933e+00
3.591228010000000026e+00
3.188951250000000126e+00
3.271362069999999900e+00
3.048558949999999879e+00
3.358889819999999915e+00
3.210452080000000041e+00
3.248969320000000049e+00
5.994481559999999654e+00
4.119541650000000388e+00
4.187696930000000428e+00
2.826039310000000082e+00
2.068481919999999974e+00
2.032270430000000072e+00
1.959335920000000009e+00
2.448549990000000065e+00
3.396293399999999796e+00
3.096863270000000057e+00
3.342505220000000055e+00
3.599571699999999819e+00
3.357891560000000108e+00
3.468035700000000165e+00
3.804648160000000168e+00
4.321301939999999675e+00
6.115010739999999778e+00
5.888815880000000114e+00
8.039170269999999618e+00
5.947672840000000072e+00
5.997684959999999954e+00
8.251647950000000620e+00
7.878642079999999659e+00
6.619190220000000124e+00
7.190538410000000269e+00
6.495728019999999603e+00
8.080874440000000547e+00
5.236285689999999882e+00
5.673559670000000388e+00
5.002645020000000109e+00
5.480265140000000201e+00
4.869400019999999607e+00
5.689956190000000191e+00
5.468409059999999933e+00
5.365826130000000305e+00
5.967626570000000186e+00
5.807969090000000278e+00
5.584671499999999789e+00
5.867985730000000011e+00
5.952797409999999623e+00
6.319752219999999809e+00
3.234109880000000103e+00
2.851331710000000186e+00
3.399853709999999918e+00
3.201923129999999951e+00
3.242547749999999951e+00
3.164964439999999879e+00
3.243792060000000088e+00
3.262726310000000129e+00
3.339387659999999869e+00
3.566411019999999876e+00
3.220988750000000067e+00
3.630275730000000145e+00
2.926532749999999794e+00
3.187645910000000082e+00
3.450635670000000044e+00
3.321158650000000101e+00
3.301772119999999866e+00
2.886488679999999807e+00
3.885728840000000073e+00
3.480644229999999784e+00
3.409092660000000219e+00
3.206462619999999930e+00
3.299055810000000033e+00
3.103050710000000212e+00
2.845780609999999822e+00
3.186059470000000005e+00
3.103228329999999868e+00
3.277200220000000108e+00
3.433060649999999825e+00
3.287648439999999894e+00
3.666853430000000191e+00
3.292326450000000015e+00
3.061272139999999808e+00
3.533202649999999778e+00
3.161747220000000080e+00
3.132991790000000165e+00
3.229421379999999786e+00
3.265133860000000166e+00
2.810977939999999897e+00
2.994343999999999895e+00
3.485172030000000198e+00
3.558807129999999930e+00
3.582428220000000163e+00
3.129920480000000005e+00
3.306737420000000149e+00
3.261870860000000150e+00
3.449827910000000220e+00
2.906214949999999853e+00
3.342942709999999984e+00
3.038059229999999999e+00
3.028097390000000111e+00
2.797081710000000054e+00
3.227214809999999989e+00
3.487821339999999992e+00
3.754318239999999918e+00
3.112732649999999879e+00
3.048739190000000043e+00
3.071553230000000134e+00
3.237296339999999883e+00
5.697942730000000289e+00
3.321043969999999845e+00
3.324590919999999894e+00
3.056453229999999799e+00
2.977596999999999827e+00
3.190113540000000025e+00
3.285197259999999897e+00
3.791528940000000070e+00
3.052081579999999850e+00
2.960420130000000150e+00
2.941188570000000002e+00
3.355532170000000036e+00
3.231681350000000119e+00
3.037656779999999834e+00
3.379671570000000180e+00
3.205778360000000049e+00
3.362397670000000005e+00
3.303418639999999851e+00
3.493334289999999953e+00
3.224995849999999997e+00
3.279563430000000057e+00
3.409136300000000119e+00
4.731533530000000098e+00
5.216218950000000021e+00
3.724761249999999801e+00
2.686892030000000098e+00
3.538207289999999894e+00
2.913158890000000056e+00
3.258357999999999866e+00
3.283851620000000082e+00
3.334517239999999827e+00
3.095687149999999832e+00
2.924393890000000162e+00
3.034158230000000067e+00
3.201249119999999948e+00
3.360982420000000026e+00
3.162500619999999873e+00
3.478863720000000104e+00
3.219724890000000173e+00
2.935544249999999966e+00
3.137676480000000101e+00
2.903137450000000008e+00
3.795890089999999883e+00
3.318581340000000157e+00
3.531581159999999997e+00
3.288236379999999848e+00
2.247983220000000060e+00
3.067655090000000140e+00
2.680186749999999840e+00
3.460416560000000086e+00
3.298017020000000077e+00
3.060338020000000103e+00
3.078917029999999944e+00
3.060673949999999977e+00
3.615326640000000147e+00
3.205090520000000165e+00
3.086435559999999967e+00
3.255473850000000002e+00
3.396042350000000098e+00
3.228945260000000150e+00
2.930429699999999915e+00
3.343907360000000217e+00
3.324819800000000214e+00
3.495852709999999863e+00
3.052228690000000189e+00
3.458618640000000077e+00
3.177056069999999899e+00
3.435783859999999912e+00
3.620761869999999938e+00
3.138579850000000171e+00
3.077220440000000057e+00
3.496780629999999945e+00
3.080824849999999948e+00
3.098093509999999995e+00
4.461982729999999897e+00
3.123890400000000067e+00
3.361619950000000134e+00
2.985795260000000173e+00
3.170584199999999964e+00
3.404515030000000220e+00
2.597480539999999838e+00
3.298894639999999878e+00
2.961252689999999799e+00
3.080686089999999933e+00
3.721694709999999962e+00
3.120217080000000198e+00
3.520116569999999889e+00
3.126114610000000127e+00
3.227658990000000117e+00
5.578717710000000274e+00
5.956050870000000330e+00
4.824028489999999891e+00
4.422821039999999648e+00
4.906840319999999700e+00
4.807270530000000264e+00
4.282210349999999721e+00
6.200469489999999695e+00
5.260900020000000232e+00
5.106162069999999886e+00
4.569200989999999685e+00
3.654077529999999907e+00
3.063081739999999886e+00
3.158640150000000091e+00
2.809591290000000186e+00
3.797763820000000123e+00
3.242172239999999928e+00
3.023013590000000139e+00
3.334037299999999870e+00
3.145837549999999982e+00
2.929914709999999811e+00
3.115558619999999834e+00
3.086582180000000175e+00
3.177590850000000078e+00
3.386411670000000207e+00
3.146327020000000196e+00
3.444449660000000080e+00
3.188134910000000044e+00
3.263745070000000137e+00
3.089625600000000194e+00
3.121617319999999918e+00
3.164952280000000062e+00
5.342105390000000398e+00
4.053503990000000279e+00
5.443264959999999597e+00
2.852103469999999863e+00
3.062304970000000015e+00
3.414104220000000023e+00
3.008224010000000170e+00
2.674883129999999998e+00
5.431581969999999870e+00
5.120351789999999959e+00
3.756034370000000067e+00
4.026715280000000341e+00
4.325020789999999948e+00
4.643364430000000098e+00
3.396630050000000178e+00
1.787198779999999987e+00
4.338604929999999804e+00
5.047414299999999798e+00
3.214514020000000194e+00
4.274085519999999860e+00
4.454494949999999953e+00
2.731831070000000139e+00
3.818594689999999847e+00
4.694604400000000233e+00
5.469267369999999850e+00
3.337434529999999899e+00
3.796327590000000196e+00
3.259296420000000083e+00
2.016778949999999959e+00
1.979725119999999894e+00
3.155259609999999881e+00
2.407282350000000015e+00
2.222657920000000065e+00
2.006909129999999930e+00
2.835387949999999879e+00
3.280386210000000080e+00
3.236619469999999943e+00
3.438230509999999907e+00
3.274219990000000191e+00
3.264110329999999838e+00
3.458280320000000074e+00
3.817201380000000199e+00
3.023440599999999812e+00
3.412574769999999980e+00
3.172447440000000007e+00
3.778213019999999922e+00
3.490833040000000054e+00
2.950066570000000166e+00
3.222715619999999781e+00
3.624486919999999834e+00
4.201497080000000217e+00
3.598471400000000209e+00
2.962041619999999931e+00
2.918735499999999927e+00
3.368721250000000111e+00
3.332756760000000096e+00
3.120574239999999833e+00
3.252270699999999959e+00
3.006291870000000088e+00
3.054976459999999783e+00
3.239333150000000217e+00
3.457710270000000197e+00
3.186017989999999855e+00
3.276611330000000155e+00
3.198846580000000106e+00
3.244074340000000056e+00
3.019174099999999861e+00
3.393614770000000114e+00
3.234070780000000145e+00
3.255777600000000049e+00
3.241280319999999993e+00
3.727169509999999963e+00
5.200017929999999566e+00
3.519856690000000121e+00
3.036920789999999926e+00
5.639862540000000202e+00
4.169374470000000166e+00
3.346119400000000077e+00
5.282902720000000052e+00
4.106200699999999593e+00
5.730418679999999654e+00
5.812409879999999696e+00
6.334647180000000155e+00
3.853734020000000093e+00
3.954795840000000062e+00
4.700359820000000077e+00
3.829503299999999832e+00
4.767452719999999644e+00
3.549489260000000090e+00
5.027303700000000042e+00
3.269905329999999832e+00
3.242357020000000034e+00
3.121326209999999879e+00
3.048054220000000036e+00
3.458800319999999928e+00
3.299425129999999928e+00
3.396779299999999946e+00
2.944791790000000020e+00
3.330404520000000090e+00
3.142146830000000168e+00
3.628265380000000206e+00
5.040090079999999695e+00
3.899821760000000026e+00
3.347287650000000170e+00
3.637942549999999997e+00
3.306791070000000055e+00
3.142447230000000147e+00
3.264443159999999899e+00
2.964506629999999809e+00
3.434474230000000183e+00
3.556765079999999912e+00
3.044354440000000217e+00
3.149951929999999845e+00
3.553171400000000091e+00
3.222109319999999943e+00
3.026762249999999987e+00
3.170140030000000220e+00
3.400251630000000080e+00
3.204587220000000070e+00
2.974909069999999822e+00
3.322063210000000044e+00
3.924336670000000193e+00
3.293098689999999884e+00
3.700119260000000132e+00
3.366735699999999998e+00
3.158071039999999829e+00
3.288617610000000191e+00
3.299602989999999902e+00
3.502270460000000085e+00
3.346840859999999918e+00
2.903047079999999891e+00
3.622167109999999912e+00
3.550452229999999876e+00
3.150029420000000080e+00
3.535560129999999912e+00
3.357506750000000206e+00
3.249702930000000212e+00
3.632696629999999871e+00
3.862141610000000114e+00
3.595845699999999923e+00
3.380059720000000212e+00
3.456908460000000183e+00
3.187325949999999963e+00
3.211150410000000122e+00
3.405447010000000052e+00
3.361578460000000046e+00
3.361861709999999892e+00
3.048233989999999949e+00
3.336750509999999892e+00
3.144853830000000183e+00
3.573989870000000124e+00
3.033651110000000095e+00
3.263688329999999915e+00
5.146824839999999845e+00
4.383340360000000047e+00
2.882865910000000031e+00
3.210763930000000155e+00
3.037056680000000064e+00
2.814707990000000049e+00
3.408576730000000055e+00
3.413318400000000086e+00
3.045093769999999811e+00
2.726427319999999987e+00
5.596354009999999768e+00
5.403750419999999721e+00
2.708582879999999804e+00
3.553833720000000085e+00
3.119262219999999974e+00
3.168294669999999869e+00
5.107452870000000367e+00
5.943284030000000051e+00
5.672894000000000325e+00
4.665069100000000191e+00
2.986538170000000214e+00
3.113241669999999850e+00
3.547057629999999850e+00
3.565871239999999887e+00
3.194531679999999874e+00
3.195885179999999881e+00
3.357227560000000111e+00
3.378697400000000073e+00
3.401560309999999809e+00
6.136193750000000335e+00
6.346137050000000279e+00
7.234733099999999695e+00
5.061749940000000336e+00
5.199251170000000144e+00
2.579363349999999944e+00
3.170583489999999838e+00
3.221507789999999982e+00
2.746085410000000060e+00
3.738045449999999992e+00
3.929049019999999892e+00
3.425038810000000211e+00
2.789665700000000026e+00
5.643312449999999814e+00
5.370381359999999660e+00
4.954784390000000371e+00
5.943780900000000145e+00
4.730548380000000108e+00
4.259548660000000098e+00
3.797698260000000214e+00
3.709534169999999964e+00
5.139662269999999644e+00
6.319883820000000263e+00
8.176525120000000868e+00
4.876819130000000335e+00
2.536812310000000181e+00
3.563452959999999781e+00
8.729359629999999370e+00
6.328550820000000243e+00
7.963721750000000377e+00
7.847576619999999892e+00
4.130545620000000362e+00
2.351193900000000170e+00
2.390337940000000216e+00
3.419081929999999936e+00
3.179968600000000034e+00
3.325732710000000036e+00
3.272814040000000091e+00
4.027961730000000351e+00
3.381954669999999830e+00
3.310401199999999822e+00
3.068944929999999793e+00
3.669018980000000152e+00
4.225479130000000083e+00
3.020414349999999803e+00
3.370825289999999974e+00
3.973106150000000003e+00
3.160597089999999998e+00
3.057548520000000103e+00
3.255773070000000047e+00
5.622894289999999629e+00
3.271624800000000111e+00
2.960221049999999909e+00
3.510790590000000044e+00
2.858338589999999790e+00
3.464186189999999943e+00
3.060477019999999992e+00
3.413779739999999840e+00
3.018873450000000069e+00
3.080276249999999827e+00
3.524779800000000130e+00
3.013933179999999989e+00
3.522328620000000132e+00
3.239397289999999874e+00
3.583202120000000157e+00
3.339372630000000175e+00
3.216291899999999870e+00
3.202173950000000158e+00
3.156468869999999871e+00
3.468387129999999985e+00
3.670838589999999790e+00
3.530962230000000091e+00
3.564954999999999874e+00
3.346189980000000119e+00
3.606111289999999858e+00
3.120177509999999987e+00
3.644066329999999798e+00
3.444387199999999982e+00
3.579511640000000217e+00
3.263278960000000062e+00
3.531692739999999997e+00
3.025290969999999913e+00
3.171006919999999951e+00
3.527236939999999876e+00
3.209280730000000137e+00
3.745728020000000047e+00
3.692214970000000207e+00
3.281230449999999799e+00
5.867994790000000016e+00
3.254997490000000049e+00
3.258307700000000029e+00
3.412653450000000088e+00
3.582136629999999933e+00
3.313817259999999987e+00
2.974778890000000064e+00
4.066555980000000403e+00
3.177497629999999962e+00
3.197530029999999801e+00
3.571865799999999869e+00
3.430602069999999948e+00
3.169560909999999954e+00
3.465560910000000217e+00
3.370531080000000124e+00
3.188324210000000214e+00
3.335103029999999968e+00
2.808809039999999868e+00
3.331639290000000031e+00
3.227975849999999980e+00
3.202048299999999958e+00
3.500300649999999791e+00
3.368873359999999817e+00
3.287876370000000215e+00
3.243159289999999917e+00
3.136721849999999812e+00
3.106218580000000173e+00
5.848387719999999845e+00
3.050801750000000201e+00
3.464710950000000178e+00
3.628379339999999953e+00
3.155455110000000118e+00
3.084282159999999884e+00
2.924461599999999883e+00
3.184223890000000168e+00
3.303345680000000062e+00
2.091651919999999887e+00
2.044554950000000204e+00
2.244307520000000000e+00
2.257386449999999822e+00
3.126099350000000054e+00
3.476215359999999865e+00
3.465876339999999889e+00
3.134199619999999964e+00
3.254058119999999832e+00
3.182153700000000196e+00
3.101142639999999950e+00
3.776854039999999912e+00
2.921578649999999833e+00
5.774432660000000439e+00
5.467594619999999850e+00
5.788111690000000031e+00
3.607960700000000021e+00
4.031937120000000263e+00
3.555895089999999925e+00
3.434198139999999899e+00
3.324891329999999812e+00
3.286731960000000008e+00
4.608578679999999927e+00
3.301303390000000171e+00
3.350974320000000173e+00
3.431163310000000077e+00
3.386370659999999866e+00
3.990040780000000176e+00
2.483704570000000000e+00
3.107957600000000209e+00
4.134728430000000010e+00
4.918156620000000423e+00
4.843664170000000269e+00
5.087979319999999639e+00
5.612743850000000201e+00
3.410004620000000042e+00
3.074460030000000010e+00
3.234017849999999861e+00
3.181316849999999974e+00
2.189703699999999920e+00
2.018933769999999850e+00
1.874109629999999971e+00
1.914105530000000055e+00
5.333165170000000010e+00
3.363060710000000064e+00
3.367385389999999923e+00
4.674555780000000382e+00
5.636666299999999907e+00
5.726308819999999855e+00
2.932320830000000100e+00
3.242587330000000101e+00
9.322440150000000259e+00
7.908557420000000171e+00
4.588454719999999654e+00
9.420921330000000538e+00
6.986022000000000176e+00
7.179368969999999628e+00
8.396792409999999762e+00
8.753175739999999649e+00
7.517479419999999912e+00
6.352273939999999897e+00
6.855369089999999943e+00
5.991676329999999773e+00
6.108397010000000016e+00
6.471663000000000388e+00
5.997398379999999918e+00
5.044016840000000279e+00
7.491720199999999608e+00
6.179483409999999566e+00
7.111742020000000331e+00
7.742644789999999944e+00
4.806584840000000192e+00
5.681991580000000042e+00
5.380963799999999964e+00
6.882177829999999830e+00
7.727804179999999690e+00
4.028511520000000345e+00
3.902212860000000116e+00
6.014452460000000222e+00
4.184601780000000382e+00
5.363288400000000067e+00
5.196597579999999716e+00
4.391698360000000356e+00
6.075077059999999918e+00
3.265528680000000072e+00
3.486244440000000111e+00
3.897310500000000122e+00
4.502691750000000326e+00
5.636997219999999587e+00
4.546416279999999865e+00
4.641139980000000165e+00
4.903885840000000051e+00
3.879607679999999892e+00
4.064349649999999592e+00
4.781329150000000361e+00
4.801314350000000175e+00
4.189588070000000108e+00
4.653567790000000315e+00
3.774906160000000011e+00
3.146249769999999835e+00
3.238738539999999944e+00
3.237115619999999971e+00
3.678943869999999894e+00
3.048435449999999935e+00
3.013849260000000196e+00
3.685118440000000106e+00
3.168131590000000219e+00
3.175739529999999977e+00
3.065304760000000073e+00
3.388261319999999799e+00
3.103322739999999857e+00
3.496698620000000091e+00
3.532097820000000166e+00
3.204279420000000211e+00
3.501557829999999871e+00
3.655047890000000077e+00
3.366676089999999899e+00
3.327058790000000155e+00
3.324131250000000204e+00
3.044375899999999913e+00
3.514131550000000104e+00
3.207316640000000163e+00
2.775137190000000142e+00
3.153873209999999983e+00
3.145318270000000194e+00
3.110324139999999904e+00
3.275503640000000161e+00
2.950486419999999832e+00
3.102037430000000207e+00
3.120850799999999925e+00
3.175356859999999948e+00
2.892163039999999796e+00
3.162685160000000106e+00
3.420546770000000070e+00
3.314765210000000017e+00
2.959628340000000080e+00
3.316791770000000028e+00
3.149950500000000098e+00
3.091440920000000148e+00
3.245148420000000034e+00
3.670233010000000018e+00
3.318947549999999858e+00
3.122720960000000101e+00
3.071253299999999964e+00
2.338762519999999956e+00
2.287138940000000176e+00
3.813627959999999817e+00
3.420031310000000158e+00
4.213096619999999959e+00
3.267792220000000025e+00
3.099132060000000077e+00
3.261470559999999796e+00
3.300222400000000000e+00
3.386578080000000046e+00
3.284992459999999781e+00
3.083327290000000165e+00
3.464926960000000111e+00
3.450178380000000100e+00
2.859896659999999979e+00
3.678709749999999890e+00
3.657983059999999842e+00
3.299101589999999806e+00
3.119310619999999812e+00
3.526826859999999897e+00
3.231915709999999997e+00
3.162828680000000059e+00
3.336765530000000091e+00
2.955306049999999907e+00
3.552552219999999927e+00
1.949694870000000080e+00
2.455095050000000168e+00
2.373792889999999822e+00
2.064846279999999812e+00
2.492462639999999841e+00
4.356815339999999814e+00
5.577693939999999628e+00
5.813703539999999670e+00
9.968215940000000330e+00
8.963109969999999649e+00
8.053676610000000125e+00
7.737971309999999825e+00
5.219713210000000103e+00
6.426084999999999603e+00
9.631122590000000372e+00
8.378915790000000641e+00
5.305262570000000011e+00
6.293348309999999834e+00
8.216472630000000166e+00
5.357027050000000123e+00
9.503065109999999649e+00
7.911229129999999721e+00
5.425922869999999953e+00
5.760396000000000072e+00
6.084613799999999628e+00
4.924962999999999980e+00
5.945899490000000398e+00
4.687175270000000005e+00
4.461716649999999618e+00
3.626173259999999843e+00
4.074660780000000315e+00
5.133976460000000408e+00
3.922385929999999910e+00
5.402463909999999814e+00
6.691647050000000263e+00
7.587182519999999819e+00
7.030363079999999876e+00
4.393464090000000155e+00
7.211000440000000289e+00
7.295042989999999783e+00
5.923537249999999865e+00
6.931745049999999964e+00
7.680746560000000223e+00
6.621461390000000335e+00
5.932286259999999700e+00
5.838510509999999876e+00
5.044737819999999928e+00
5.326493260000000340e+00
4.908584120000000439e+00
5.083659169999999783e+00
4.571978089999999995e+00
4.721842289999999664e+00
6.138089179999999700e+00
5.018250469999999908e+00
4.659557340000000103e+00
2.543148280000000039e+00
2.614270449999999801e+00
3.107508660000000145e+00
3.006430860000000038e+00
3.149935249999999964e+00
3.257065530000000209e+00
3.135058879999999881e+00
3.361753699999999956e+00
3.343741420000000186e+00
3.354326009999999858e+00
3.347749470000000116e+00
3.379476790000000008e+00
2.964203830000000206e+00
3.079287530000000217e+00
3.000151160000000150e+00
3.313166620000000062e+00
3.274403330000000167e+00
3.492549420000000016e+00
2.999235389999999946e+00
3.225985529999999990e+00
3.164714570000000116e+00
2.166979790000000072e+00
2.196566339999999951e+00
2.103051419999999894e+00
3.167176490000000122e+00
3.186123369999999788e+00
3.624181269999999788e+00
3.175296309999999789e+00
4.127022740000000134e+00
3.492896319999999832e+00
4.703381059999999891e+00
3.498644590000000054e+00
4.653720380000000212e+00
3.287093159999999958e+00
2.328994269999999922e+00
3.270072460000000181e+00
4.708203789999999778e+00
3.334588290000000121e+00
3.216255900000000167e+00
4.364960670000000320e+00
5.017857069999999808e+00
4.144026760000000031e+00
3.170582529999999899e+00
2.735875609999999902e+00
3.140125990000000034e+00
2.118747470000000188e+00
1.993713859999999949e+00
2.035091159999999899e+00
3.363166329999999871e+00
3.142399549999999930e+00
3.561865810000000021e+00
3.037861110000000142e+00
3.394322869999999881e+00
3.540762420000000077e+00
3.345008130000000079e+00
3.335779430000000101e+00
3.506532909999999781e+00
3.188369989999999987e+00
3.303654190000000046e+00
3.723909850000000077e+00
2.821969269999999863e+00
3.289527650000000136e+00
3.599740979999999979e+00
3.138820649999999990e+00
4.458232879999999732e+00
5.210316660000000155e+00
3.575109959999999809e+00
3.244513749999999863e+00
3.262465000000000170e+00
3.411644219999999894e+00
3.173980470000000054e+00
3.403057340000000153e+00
2.155691619999999808e+00
2.748253819999999958e+00
2.869113920000000206e+00
6.536120890000000294e+00
7.231852530000000279e+00
3.040426730000000077e+00
2.722171069999999915e+00
3.540566679999999966e+00
3.207570549999999798e+00
2.953127149999999812e+00
5.304058069999999958e+00
4.531859869999999901e+00
4.989453789999999778e+00
4.805671219999999799e+00
5.304059979999999896e+00
5.850770950000000248e+00
4.831262109999999943e+00
3.309653519999999904e+00
3.410657640000000157e+00
3.483514309999999892e+00
5.475953579999999654e+00
3.248905660000000140e+00
5.692293170000000124e+00
5.341059679999999865e+00
4.447864530000000372e+00
4.897437100000000321e+00
2.173680309999999949e+00
3.723757739999999927e+00
4.212115289999999845e+00
3.649907349999999884e+00
3.730746980000000157e+00
4.520054820000000362e+00
2.349235769999999945e+00
4.235729219999999628e+00
7.582959650000000273e+00
4.492319110000000393e+00
6.794630999999999865e+00
5.309800150000000052e+00
3.518310309999999941e+00
3.554958340000000216e+00
4.929998870000000366e+00
3.804035190000000011e+00
5.061563969999999912e+00
3.418252709999999972e+00
3.515298839999999814e+00
4.078093530000000300e+00
5.005135059999999747e+00
5.448245049999999701e+00
4.460875989999999902e+00
4.939153189999999860e+00
4.612119670000000227e+00
4.812169550000000129e+00
7.154476640000000387e+00
4.916835309999999737e+00
3.183862920000000152e+00
3.371842619999999791e+00
3.498569010000000201e+00
3.077241659999999879e+00
2.955234770000000122e+00
2.793330909999999889e+00
3.665379759999999987e+00
3.447633499999999795e+00
3.494581940000000220e+00
3.735278609999999944e+00
2.949002740000000067e+00
3.437322620000000217e+00
2.862531419999999827e+00
3.155485150000000072e+00
3.508968110000000085e+00
3.211247680000000049e+00
2.904513839999999902e+00
3.235717540000000003e+00
3.429313179999999850e+00
3.091586829999999786e+00
3.789472579999999979e+00
4.070947170000000170e+00
4.158528330000000217e+00
3.409837249999999820e+00
3.744053130000000174e+00
4.202716350000000212e+00
2.975780729999999874e+00
3.091509579999999868e+00
4.249102119999999871e+00
2.060776000000000163e+00
3.799120900000000134e+00
2.827898030000000063e+00
3.054899219999999804e+00
3.109606980000000132e+00
3.329099180000000047e+00
2.464594359999999984e+00
3.205274339999999889e+00
3.425333980000000000e+00
3.103774549999999799e+00
4.561169620000000258e+00
3.161142589999999863e+00
2.932490109999999817e+00
3.625873799999999925e+00
3.219329600000000013e+00
3.541594270000000044e+00
3.426251650000000204e+00
3.434908870000000114e+00
2.940917489999999912e+00
3.414699789999999791e+00
3.822489500000000096e+00
2.644882920000000137e+00
4.577914240000000135e+00
4.601516720000000227e+00
4.834085939999999582e+00
3.439624310000000129e+00
5.188018320000000294e+00
3.980063200000000023e+00
2.098972799999999861e+00
2.409188509999999894e+00
2.109288690000000077e+00
2.898893360000000197e+00
1.757842780000000049e+00
2.878436090000000114e+00
2.579710959999999886e+00
2.292685270000000219e+00
2.933762310000000095e+00
2.800609590000000093e+00
2.208120109999999858e+00
2.780555960000000049e+00
3.334713460000000129e+00
3.337075710000000139e+00
5.260901930000000171e+00
5.844502929999999985e+00
5.333253860000000124e+00
5.083935259999999623e+00
2.311990020000000090e+00
1.923618320000000104e+00
3.691545720000000141e+00
3.424051050000000096e+00
3.514897350000000031e+00
3.476277829999999902e+00
3.636769530000000028e+00
3.636890170000000033e+00
3.285289999999999822e+00
3.087479109999999860e+00
3.521731139999999982e+00
3.314889669999999899e+00
3.337517500000000137e+00
3.545450690000000016e+00
2.459373949999999809e+00
1.688254120000000080e+00
2.204129700000000192e+00
3.699419499999999861e+00
3.072518829999999923e+00
3.329218389999999861e+00
3.290240289999999845e+00
3.209313149999999837e+00
3.113194469999999825e+00
2.094328640000000075e+00
7.011484150000000248e+00
3.481564280000000178e+00
2.950626610000000039e+00
4.933509349999999571e+00
4.287782670000000351e+00
2.804509640000000026e+00
2.891470430000000036e+00
4.882438660000000041e+00
3.321985010000000127e+00
5.863024710000000361e+00
5.101374629999999577e+00
2.722093819999999997e+00
1.977396729999999936e+00
3.453548430000000113e+00
4.952026840000000263e+00
3.048195839999999990e+00
3.156091210000000036e+00
2.813056229999999935e+00
3.618244409999999966e+00
3.651888850000000186e+00
3.262918469999999793e+00
3.192144869999999912e+00
3.094783309999999954e+00
3.494311329999999938e+00
3.492004160000000024e+00
3.446634050000000116e+00
3.242237330000000028e+00
3.476396080000000222e+00
3.320375920000000036e+00
3.541555639999999894e+00
3.268611669999999858e+00
3.320380210000000165e+00
3.618853570000000186e+00
3.545483350000000033e+00
1.943063259999999959e+00
2.165734290000000062e+00
3.309591290000000186e+00
3.475881579999999804e+00
3.404540059999999979e+00
3.409898280000000170e+00
4.331900599999999990e+00
3.062889579999999778e+00
3.161789419999999851e+00
3.211117980000000038e+00
3.044880630000000199e+00
3.172787430000000075e+00
3.472119090000000075e+00
3.264125350000000036e+00
3.347635270000000052e+00
3.485813859999999931e+00
3.952254299999999887e+00
3.092407940000000188e+00
3.156359909999999935e+00
3.229442829999999987e+00
3.530979159999999784e+00
2.318493839999999917e+00
2.094897749999999892e+00
3.369349000000000149e+00
3.166467190000000098e+00
2.773104190000000191e+00
3.245214219999999816e+00
3.095695019999999964e+00
3.346431260000000130e+00
3.121961359999999797e+00
3.135887859999999971e+00
3.270487789999999784e+00
3.330017329999999998e+00
3.576634879999999850e+00
3.530498029999999954e+00
3.701632500000000103e+00
3.267264840000000170e+00
3.417145489999999786e+00
3.374382020000000093e+00
3.201077220000000167e+00
4.497056480000000356e+00
3.320200680000000126e+00
3.359002349999999915e+00
3.128350020000000065e+00
3.665801290000000101e+00
1.969388249999999951e+00
3.123534919999999993e+00
1.783202289999999968e+00
1.920754789999999934e+00
2.223018880000000141e+00
1.914657000000000053e+00
1.877785330000000030e+00
2.277585269999999884e+00
2.493075370000000124e+00
2.132371660000000002e+00
3.504416229999999910e+00
4.767149449999999788e+00
5.596168519999999980e+00
4.084192279999999897e+00
4.661715980000000314e+00
4.165150640000000237e+00
5.833131790000000372e+00
5.177931789999999701e+00
6.016999239999999638e+00
5.659058570000000010e+00
4.754723549999999577e+00
4.851318359999999608e+00
5.939705370000000428e+00
5.468646530000000006e+00
4.526742460000000357e+00
5.816690920000000098e+00
4.717987540000000202e+00
4.105950359999999577e+00
3.939710859999999926e+00
3.664549590000000023e+00
5.720084670000000315e+00
5.021262169999999969e+00
3.396907810000000083e+00
9.989501000000000630e+00
8.809032439999999298e+00
7.350444790000000062e+00
7.855278969999999639e+00
8.224370959999999897e+00
2.983236310000000113e+00
3.571803089999999958e+00
3.099323989999999807e+00
2.950476880000000079e+00
3.499666930000000065e+00
3.699736829999999976e+00
3.157677409999999796e+00
3.075210090000000118e+00
3.228130820000000067e+00
3.019541260000000005e+00
3.467461350000000220e+00
3.419369940000000163e+00
2.361548420000000093e+00
3.466545340000000142e+00
2.601420640000000173e+00
4.325900080000000258e+00
2.017274619999999796e+00
3.897742510000000049e+00
3.370367529999999778e+00
4.407882210000000356e+00
3.186188700000000207e+00
3.117983820000000073e+00
3.497853280000000176e+00
3.283673289999999856e+00
3.197061779999999853e+00
2.420970440000000057e+00
3.170819519999999780e+00
2.985734460000000201e+00
3.419769290000000073e+00
3.171642299999999803e+00
3.700014830000000199e+00
3.164818050000000049e+00
3.392298700000000000e+00
3.508005139999999855e+00
3.213781360000000031e+00
3.187254429999999861e+00
4.256334780000000428e+00
3.699849130000000041e+00
3.116504669999999866e+00
6.320168970000000108e+00
5.468358519999999778e+00
4.756649020000000228e+00
3.585890529999999909e+00
4.830001349999999860e+00
4.557958130000000274e+00
4.704383850000000145e+00
2.946426869999999809e+00
3.514908310000000036e+00
2.883381130000000070e+00
5.858578210000000119e+00
3.163624050000000132e+00
3.120559450000000012e+00
2.392153500000000044e+00
2.008885380000000165e+00
2.125864509999999985e+00
2.155874250000000103e+00
3.473745109999999858e+00
3.377941610000000150e+00
3.625613449999999904e+00
3.146748300000000054e+00
3.043484209999999912e+00
3.224807740000000145e+00
3.414465429999999913e+00
3.567646980000000134e+00
3.460232729999999979e+00
3.137562749999999845e+00
3.203514810000000157e+00
2.961988690000000091e+00
3.456391330000000206e+00
3.187443490000000157e+00
3.223322389999999871e+00
2.947897429999999819e+00
3.258662699999999912e+00
3.138368369999999796e+00
3.512536289999999894e+00
3.155487780000000075e+00
3.204217669999999796e+00
3.517126800000000220e+00
2.068067790000000183e+00
2.039245129999999850e+00
2.412714719999999868e+00
4.664775849999999835e+00
5.252139090000000010e+00
5.747838019999999659e+00
5.004084109999999974e+00
4.193574429999999964e+00
3.618411299999999997e+00
4.176275249999999772e+00
3.877904650000000064e+00
5.435027119999999989e+00
7.605858800000000031e+00
6.473215100000000000e+00
5.099413389999999602e+00
5.469872950000000067e+00
4.280251500000000320e+00
3.690648320000000204e+00
2.995611189999999979e+00
2.820674900000000207e+00
3.464195489999999822e+00
3.392060040000000054e+00
3.095626349999999860e+00
3.289782520000000154e+00
3.004663939999999922e+00
3.254179479999999902e+00
3.313144920000000049e+00
3.415215490000000020e+00
3.524565940000000008e+00
3.470058680000000173e+00
3.539648530000000015e+00
3.398968459999999858e+00
3.088346959999999974e+00
4.820179940000000052e+00
4.263734819999999814e+00
4.782672409999999985e+00
6.438800810000000041e+00
5.335073470000000206e+00
2.990298750000000005e+00
3.741276500000000116e+00
3.086434600000000028e+00
3.438214299999999835e+00
3.246537210000000062e+00
2.943250889999999842e+00
3.446870570000000189e+00
3.781384469999999887e+00
2.889675619999999778e+00
3.752680059999999873e+00
3.067281250000000181e+00
3.287328720000000093e+00
3.587422130000000209e+00
3.005544899999999853e+00
3.476965900000000165e+00
3.114839550000000123e+00
3.412646290000000082e+00
3.266365289999999977e+00
3.021998640000000069e+00
3.376333240000000124e+00
4.834558490000000042e+00
5.832886219999999788e+00
3.106464390000000186e+00
4.290419100000000263e+00
4.092163560000000366e+00
4.331158160000000201e+00
3.781773090000000170e+00
3.632906680000000055e+00
4.169084070000000253e+00
5.115042690000000114e+00
6.568509099999999989e+00
6.034873489999999840e+00
5.251249790000000139e+00
6.004213329999999793e+00
5.339231970000000160e+00
5.200642110000000429e+00
4.983268260000000005e+00
5.222727299999999850e+00
5.423781870000000005e+00
4.493259909999999913e+00
5.139914039999999851e+00
5.061522010000000016e+00
5.106292250000000088e+00
5.544084550000000000e+00
5.723293779999999664e+00
5.399632930000000108e+00
4.874568939999999628e+00
5.173053740000000289e+00
5.213095189999999768e+00
4.904545309999999603e+00
5.193644520000000320e+00
3.053561929999999869e+00
3.341094019999999887e+00
3.127190109999999912e+00
3.314831499999999931e+00
3.223816869999999835e+00
3.416387559999999990e+00
3.468101020000000201e+00
3.037200690000000147e+00
3.230106829999999984e+00
3.050509209999999971e+00
3.140035389999999982e+00
3.002101419999999798e+00
3.094949719999999793e+00
3.254387860000000021e+00
3.511429070000000152e+00
3.309293269999999954e+00
3.263706920000000178e+00
3.234286070000000013e+00
3.392509219999999992e+00
3.926401380000000163e+00
5.573338510000000134e+00
2.641232490000000155e+00
3.323463680000000142e+00
3.441255570000000041e+00
4.546257500000000285e+00
3.553516389999999969e+00
3.621773240000000005e+00
3.106931690000000135e+00
2.943562270000000147e+00
2.387025359999999985e+00
2.182244299999999804e+00
2.402623179999999969e+00
3.342403889999999933e+00
3.310033320000000057e+00
3.751866820000000047e+00
3.597041369999999905e+00
3.415343050000000158e+00
3.390382049999999925e+00
3.070080040000000121e+00
3.457713130000000135e+00
3.217903140000000217e+00
3.251431699999999925e+00
3.455559249999999860e+00
3.123928550000000026e+00
3.123412609999999923e+00
3.303953649999999964e+00
3.174067500000000042e+00
3.722448110000000199e+00
3.339297059999999817e+00
3.288324119999999962e+00
3.519927739999999972e+00
3.313785080000000161e+00
3.239578959999999785e+00
3.326654430000000051e+00
4.811591149999999928e+00
5.079793930000000124e+00
3.192555430000000083e+00
4.252269740000000020e+00
3.572979929999999804e+00
3.993564609999999959e+00
4.690941330000000242e+00
2.764743090000000070e+00
3.989908929999999909e+00
3.349077219999999855e+00
2.967574599999999840e+00
3.511480329999999928e+00
3.586971280000000206e+00
4.379610060000000082e+00
3.995358940000000025e+00
4.935869219999999835e+00
3.186021799999999793e+00
3.082691909999999869e+00
3.368351699999999838e+00
3.051163429999999899e+00
2.965604780000000051e+00
3.316758870000000137e+00
3.132586719999999936e+00
3.179388519999999829e+00
3.046343090000000142e+00
2.899667739999999938e+00
3.266695980000000166e+00
3.600079539999999856e+00
3.905143020000000131e+00
3.382320879999999974e+00
3.430985450000000103e+00
2.885965350000000207e+00
3.254440310000000114e+00
6.001104830000000057e+00
5.046472549999999835e+00
5.277886389999999928e+00
6.835216520000000351e+00
3.979783540000000119e+00
4.923092839999999804e+00
4.291492459999999731e+00
2.666892049999999958e+00
3.076313260000000049e+00
5.979600910000000269e+00
6.709383009999999814e+00
6.812402729999999629e+00
7.178092000000000361e+00
7.502730370000000093e+00
6.740696909999999598e+00
6.096172329999999917e+00
6.100043300000000279e+00
6.910421369999999897e+00
6.541078090000000067e+00
6.499708649999999643e+00
6.240308759999999566e+00
5.291656019999999572e+00
7.114845749999999747e+00
7.330085279999999592e+00
5.756737229999999705e+00
5.715123179999999969e+00
3.533762219999999843e+00
6.019046310000000233e+00
4.785278319999999752e+00
3.472762349999999998e+00
3.433276890000000137e+00
5.568879130000000011e+00
5.601835730000000346e+00
3.356549259999999979e+00
3.070992229999999878e+00
5.644433979999999629e+00
5.125857350000000423e+00
2.760306840000000150e+00
2.939834589999999803e+00
3.269509320000000052e+00
3.160680059999999791e+00
3.694727419999999984e+00
3.194148059999999845e+00
5.111924649999999737e+00
3.797432419999999809e+00
3.458527570000000217e+00
3.141115670000000026e+00
3.327032800000000012e+00
4.364801410000000104e+00
6.114221569999999772e+00
5.074335579999999624e+00
4.956104759999999665e+00
5.343118669999999959e+00
5.092188359999999747e+00
5.397383689999999845e+00
3.262808319999999984e+00
3.347900389999999948e+00
3.128720280000000020e+00
3.353236439999999874e+00
3.396780489999999819e+00
3.005675080000000055e+00
3.569621319999999987e+00
3.620638130000000121e+00
3.391182660000000126e+00
3.196464300000000147e+00
3.229037050000000075e+00
2.869856120000000121e+00
3.964611049999999803e+00
3.833187099999999958e+00
3.351731780000000160e+00
3.167365789999999848e+00
3.228142019999999945e+00
3.389172550000000061e+00
2.696533200000000186e+00
3.412173750000000005e+00
3.371253970000000155e+00
3.292777300000000018e+00
3.613933559999999989e+00
3.205959319999999835e+00
3.206154109999999946e+00
3.266881469999999954e+00
3.544433119999999882e+00
3.355367180000000005e+00
3.080163000000000206e+00
3.111092090000000088e+00
3.967908379999999902e+00
3.272823569999999904e+00
3.478633400000000098e+00
3.371142630000000029e+00
3.270811080000000093e+00
3.647104740000000067e+00
2.833954809999999824e+00
3.010582690000000117e+00
3.058238030000000052e+00
4.129826070000000016e+00
5.406377319999999820e+00
6.370971199999999612e+00
4.972330089999999814e+00
4.602624890000000413e+00
4.632167339999999633e+00
4.394687649999999834e+00
3.792544599999999821e+00
4.339716430000000180e+00
4.233778949999999597e+00
5.213032720000000175e+00
6.073046680000000030e+00
4.564918989999999788e+00
4.915501120000000057e+00
4.831413750000000285e+00
4.435191149999999638e+00
4.508490089999999562e+00
4.757171630000000206e+00
4.065069679999999686e+00
4.842010969999999581e+00
7.876160620000000279e+00
6.716078279999999623e+00
6.928800110000000068e+00
6.714647290000000268e+00
5.785797119999999794e+00
3.954581500000000194e+00
4.229492190000000207e+00
6.184911729999999608e+00
4.774200920000000181e+00
7.670485020000000098e+00
7.554738519999999902e+00
5.247336859999999881e+00
5.014785769999999587e+00
3.150075199999999853e+00
4.751945970000000408e+00
4.537774559999999902e+00
3.606488469999999946e+00
3.272884369999999876e+00
3.482786659999999923e+00
3.194775579999999948e+00
3.264746430000000199e+00
5.545284750000000429e+00
6.276644229999999602e+00
7.561702249999999736e+00
6.109701160000000186e+00
3.283412929999999896e+00
7.714803220000000294e+00
6.304436210000000429e+00
5.455287460000000088e+00
5.771055699999999788e+00
5.453028680000000072e+00
5.430648330000000357e+00
4.877923970000000331e+00
5.962446210000000413e+00
4.190095419999999571e+00
5.190317150000000268e+00
4.478269580000000083e+00
5.364569659999999907e+00
5.369811059999999969e+00
5.316316600000000392e+00
5.173793319999999696e+00
7.346098900000000320e+00
2.978404279999999904e+00
5.681278230000000207e+00
5.701139930000000078e+00
5.172593589999999963e+00
5.777111050000000247e+00
4.990901949999999587e+00
5.826226710000000253e+00
4.987726209999999938e+00
4.800640109999999794e+00
4.582344530000000304e+00
4.735970019999999892e+00
5.050707339999999768e+00
4.511283869999999752e+00
5.030169489999999577e+00
4.606485840000000387e+00
5.084191320000000403e+00
5.527118210000000254e+00
5.157153130000000196e+00
5.069527149999999871e+00
4.853052139999999959e+00
5.079849239999999710e+00
5.289944649999999804e+00
4.617501260000000052e+00
4.614967349999999691e+00
5.156683919999999866e+00
5.597374920000000031e+00
4.319011689999999959e+00
4.605939389999999634e+00
4.939204219999999701e+00
3.052754399999999979e+00
2.947012659999999951e+00
5.016912460000000351e+00
4.661545750000000155e+00
4.902996540000000181e+00
5.159727570000000263e+00
5.610322949999999587e+00
5.309667590000000104e+00
5.313182829999999690e+00
4.287374970000000118e+00
5.155906680000000186e+00
4.660267349999999809e+00
5.163064480000000067e+00
5.232698919999999809e+00
5.236975669999999639e+00
3.904882429999999793e+00
5.254312989999999850e+00
5.338634489999999566e+00
4.660104750000000351e+00
3.461359260000000049e+00
4.713322640000000341e+00
2.984360220000000119e+00
3.361698870000000117e+00
3.268833400000000111e+00
3.518815519999999974e+00
3.772335770000000199e+00
3.076378580000000085e+00
3.485817190000000121e+00
3.631541250000000165e+00
3.084298609999999830e+00
3.206450219999999796e+00
5.978401179999999648e+00
6.705519680000000093e+00
5.543873310000000387e+00
3.374940630000000219e+00
3.198346139999999949e+00
3.214995150000000024e+00
3.536481139999999801e+00
3.418096779999999946e+00
3.378731730000000155e+00
2.979143860000000199e+00
3.281049970000000204e+00
3.270399569999999922e+00
3.045420889999999936e+00
3.302441120000000119e+00
3.516406299999999874e+00
3.010002140000000104e+00
3.174100399999999933e+00
3.648094649999999994e+00
3.110831500000000194e+00
3.093880650000000010e+00
4.284334659999999850e+00
2.040493730000000117e+00
2.055475949999999941e+00
2.212942359999999997e+00
2.476570129999999814e+00
3.076025249999999822e+00
3.032065869999999830e+00
2.343953850000000116e+00
3.483044619999999814e+00
3.413533210000000206e+00
3.539241790000000165e+00
3.038733240000000002e+00
3.169399260000000051e+00
3.139569279999999907e+00
3.362765790000000088e+00
3.053262950000000142e+00
3.305243019999999809e+00
3.164777040000000152e+00
3.194468740000000029e+00
3.366737599999999997e+00
3.385411739999999892e+00
3.354715590000000081e+00
3.606617449999999891e+00
3.446942809999999913e+00
3.165769580000000083e+00
3.044948579999999794e+00
3.334696529999999992e+00
3.108132840000000119e+00
3.134713650000000129e+00
3.429652930000000044e+00
6.748547079999999809e+00
4.242852209999999680e+00
3.897830009999999845e+00
3.184744830000000082e+00
3.188024040000000170e+00
2.961383339999999809e+00
3.758619550000000142e+00
4.149769779999999741e+00
5.269029139999999778e+00
3.697676659999999949e+00
5.143430709999999628e+00
4.226228710000000000e+00
6.062846180000000196e+00
4.664167400000000185e+00
4.991654399999999825e+00
4.168991570000000202e+00
4.094399450000000051e+00
4.189871310000000015e+00
3.590717549999999925e+00
4.582761760000000351e+00
4.222828869999999846e+00
5.398078919999999670e+00
4.114196299999999695e+00
5.037594320000000181e+00
5.670890810000000393e+00
5.071839810000000170e+00
8.185660359999999969e+00
3.570569519999999830e+00
6.958945270000000072e+00
6.743784429999999830e+00
6.546832079999999721e+00
4.548296930000000238e+00
5.857803819999999995e+00
5.255485529999999628e+00
5.026510240000000351e+00
5.856522560000000155e+00
5.715608119999999737e+00
5.328582759999999752e+00
4.416265489999999794e+00
5.104283810000000088e+00
5.350115299999999685e+00
4.808136460000000056e+00
5.170424940000000191e+00
4.645630839999999928e+00
5.535513879999999887e+00
4.401827339999999644e+00
5.239216329999999644e+00
5.231785300000000305e+00
5.367136000000000351e+00
4.556550979999999917e+00
4.269078730000000377e+00
3.208876609999999907e+00
2.419488429999999912e+00
3.337903260000000039e+00
5.076555729999999933e+00
2.264089820000000142e+00
1.999676350000000102e+00
1.913167239999999936e+00
3.460260390000000186e+00
5.862503529999999685e+00
4.448203089999999804e+00
2.897225380000000072e+00
3.249142410000000147e+00
8.509601590000000826e+00
3.376152520000000212e+00
5.271603579999999845e+00
4.273318289999999742e+00
4.970000739999999695e+00
4.683363909999999741e+00
5.662266250000000056e+00
4.537156580000000439e+00
5.833747859999999896e+00
4.850664140000000124e+00
7.023186210000000429e+00
4.934428220000000032e+00
5.124074460000000109e+00
3.236880779999999902e+00
3.286183120000000013e+00
3.374993560000000059e+00
3.100615980000000160e+00
3.252294060000000098e+00
3.322939159999999781e+00
3.464256049999999920e+00
3.094634529999999994e+00
3.362084149999999827e+00
3.133111949999999979e+00
3.232399459999999891e+00
2.092748879999999811e+00
2.171961780000000175e+00
2.879620790000000152e+00
3.215368509999999791e+00
4.697933199999999587e+00
5.085607050000000129e+00
4.531553749999999603e+00
5.211420060000000021e+00
4.312318330000000088e+00
5.836745259999999824e+00
5.387925150000000052e+00
7.303487780000000207e+00
9.209762570000000537e+00
5.237435819999999964e+00
5.628242020000000068e+00
4.109349250000000175e+00
5.282331469999999918e+00
4.080998899999999985e+00
5.053295610000000160e+00
4.255609510000000206e+00
5.013976099999999825e+00
4.855548859999999856e+00
5.645397189999999732e+00
2.801963090000000101e+00
3.687031029999999987e+00
1.868977670000000035e+00
5.168594360000000165e+00
4.746224400000000010e+00
4.217659000000000269e+00
2.104997630000000175e+00
2.061505079999999879e+00
1.918281319999999956e+00
3.978605509999999956e+00
1.957630519999999930e+00
3.319641589999999809e+00
3.294382099999999980e+00
2.982700350000000000e+00
2.818878170000000072e+00
5.365419389999999566e+00
3.554166790000000020e+00
3.298201080000000118e+00
3.172068359999999920e+00
4.287867549999999639e+00
5.191350940000000413e+00
3.678383830000000021e+00
3.452266450000000209e+00
5.187143329999999608e+00
3.486261610000000122e+00
3.190029140000000041e+00
3.406125310000000184e+00
5.039773460000000149e+00
3.408650639999999843e+00
3.306279420000000080e+00
2.986204620000000087e+00
3.494464639999999900e+00
3.274060249999999783e+00
3.311101439999999840e+00
3.128012179999999809e+00
3.231035229999999814e+00
2.886802669999999793e+00
3.726029630000000203e+00
2.966666459999999894e+00
3.609741450000000018e+00
3.387116670000000163e+00
3.318830010000000108e+00
3.328494790000000148e+00
3.228393319999999900e+00
3.503530500000000103e+00
2.980416539999999781e+00
3.152791979999999938e+00
3.664370299999999858e+00
3.080408569999999902e+00
3.085720300000000194e+00
3.198390480000000036e+00
3.543280600000000113e+00
3.091490030000000111e+00
3.037054299999999873e+00
3.210157629999999873e+00
3.334727529999999884e+00
3.625492100000000217e+00
2.804306029999999783e+00
3.176381109999999897e+00
3.918328049999999951e+00
3.579679009999999995e+00
3.242256639999999912e+00
3.265595670000000172e+00
3.318112849999999892e+00
3.035676000000000041e+00
3.272339820000000010e+00
3.319995880000000010e+00
3.406158689999999822e+00
3.271465539999999894e+00
3.223007679999999819e+00
3.311232330000000168e+00
3.470472570000000090e+00
2.892768380000000139e+00
3.554532050000000165e+00
3.320691819999999961e+00
3.570559499999999886e+00
3.377775429999999801e+00
3.186675310000000039e+00
3.385277750000000196e+00
3.398164270000000098e+00
3.541201109999999819e+00
3.194147590000000037e+00
3.308805469999999804e+00
2.964353800000000039e+00
3.691426519999999822e+00
3.147794960000000142e+00
3.033640150000000091e+00
2.883350609999999925e+00
3.408962010000000209e+00
3.300817970000000212e+00
3.079546689999999920e+00
3.180285220000000024e+00
3.416225670000000214e+00
3.111472850000000179e+00
3.106847999999999832e+00
3.029935360000000077e+00
3.155455110000000118e+00
3.322674750000000010e+00
3.645302060000000122e+00
3.312300920000000204e+00
3.813580270000000105e+00
3.227788690000000127e+00
3.819763420000000131e+00
3.411133770000000176e+00
3.053994419999999987e+00
3.456212760000000106e+00
3.026409629999999851e+00
3.329222679999999990e+00
2.932916399999999868e+00
2.967787500000000023e+00
3.095628739999999990e+00
3.565471169999999912e+00
3.209749700000000150e+00
3.449478389999999894e+00
3.303953889999999838e+00
3.830834149999999827e+00
3.258847240000000145e+00
3.295982599999999874e+00
4.523838040000000227e+00
4.103317259999999855e+00
5.104468350000000321e+00
5.688111310000000032e+00
5.067145820000000356e+00
4.786172869999999691e+00
5.078920359999999690e+00
4.287846570000000135e+00
5.614074709999999691e+00
4.548726079999999783e+00
5.707488539999999944e+00
4.843943119999999602e+00
4.738469600000000170e+00
6.004403589999999902e+00
5.296931739999999778e+00
4.946927549999999840e+00
4.436006550000000104e+00
4.806171420000000083e+00
5.155057910000000021e+00
5.617549419999999571e+00
4.586081499999999700e+00
4.263014319999999913e+00
5.548312189999999866e+00
4.840174669999999679e+00
5.900860309999999664e+00
5.712347509999999851e+00
5.574207780000000056e+00
5.170709610000000289e+00
5.345391270000000361e+00
4.888657089999999705e+00
4.120751860000000377e+00
5.422504430000000042e+00
4.499624729999999850e+00
5.000029559999999762e+00
4.119348529999999897e+00
5.290426250000000330e+00
5.168683050000000279e+00
4.603965279999999716e+00
4.461328029999999778e+00
5.104850769999999649e+00
4.710788250000000232e+00
5.239898199999999839e+00
4.919920920000000031e+00
5.517759800000000325e+00
4.256156919999999566e+00
5.280624389999999835e+00
4.617769720000000078e+00
6.164334300000000155e+00
5.793842320000000434e+00
5.202215190000000433e+00
5.370678899999999700e+00
5.336173060000000135e+00
4.658595560000000191e+00
5.894577029999999773e+00
4.751259329999999892e+00
5.283773899999999912e+00
4.235905650000000300e+00
3.856149670000000196e+00
4.037127970000000232e+00
3.537595029999999863e+00
4.938767430000000402e+00
4.604570390000000124e+00
5.980044359999999948e+00
4.835307120000000403e+00
5.228181840000000413e+00
5.229225160000000372e+00
5.058257099999999618e+00
4.804764269999999726e+00
5.471465109999999576e+00
5.015316490000000016e+00
4.145431519999999814e+00
3.837250229999999984e+00
4.178282259999999582e+00
6.049339769999999561e+00
5.510447499999999721e+00
5.773423189999999927e+00
5.717994209999999633e+00
4.186285500000000326e+00
5.013705729999999861e+00
4.355644700000000036e+00
5.195998190000000072e+00
5.109064580000000078e+00
5.048968789999999984e+00
4.910037990000000185e+00
6.865928649999999855e+00
5.097624299999999664e+00
4.851673599999999809e+00
7.243512149999999927e+00
6.733324050000000227e+00
5.498380659999999587e+00
6.827251910000000201e+00
4.792055610000000243e+00
5.077899460000000254e+00
5.242320539999999696e+00
5.281389240000000207e+00
5.529103759999999923e+00
5.097780700000000387e+00
5.327334880000000439e+00
4.465084079999999567e+00
4.952064509999999586e+00
4.844577789999999773e+00
5.583792210000000367e+00
5.518859390000000253e+00
5.435702319999999865e+00
5.342097759999999695e+00
4.576838969999999840e+00
4.939768309999999829e+00
4.939648629999999763e+00
5.001162049999999581e+00
5.549461840000000201e+00
5.287977699999999892e+00
5.986749170000000397e+00
4.828599449999999571e+00
4.530751229999999907e+00
4.716188429999999876e+00
4.921888830000000326e+00
5.295638079999999803e+00
4.908573149999999607e+00
4.919137000000000093e+00
4.819721219999999917e+00
4.840101240000000082e+00
5.869403359999999736e+00
6.169457910000000211e+00
3.084738730000000206e+00
3.568260430000000039e+00
3.597294810000000176e+00
3.535462859999999985e+00
3.200219629999999871e+00
3.262664790000000092e+00
3.515796180000000160e+00
3.675825360000000153e+00
3.408532380000000028e+00
3.487704990000000116e+00
3.144663809999999948e+00
3.534697060000000057e+00
3.230516670000000090e+00
3.347429509999999997e+00
3.611721520000000130e+00
3.331710339999999881e+00
3.246681929999999827e+00
3.176480769999999954e+00
3.387991190000000152e+00
3.136081700000000083e+00
3.417171240000000054e+00
3.012262339999999927e+00
3.953253510000000137e+00
3.406246190000000063e+00
3.308476689999999998e+00
3.442364449999999909e+00
3.468906159999999961e+00
3.329164979999999829e+00
2.374068020000000168e+00
2.964474200000000170e+00
3.260936019999999935e+00
4.175096510000000372e+00
6.570629120000000434e+00
8.111654279999999773e+00
5.385946269999999814e+00
5.057853699999999897e+00
4.513767239999999958e+00
3.319605349999999788e+00
3.927352910000000197e+00
3.206532479999999907e+00
3.385944600000000193e+00
3.351479530000000207e+00
3.158767220000000098e+00
3.018106700000000142e+00
3.097385880000000036e+00
2.698316339999999869e+00
3.519429680000000005e+00
3.432518720000000023e+00
3.746859789999999801e+00
3.209392310000000137e+00
3.729567049999999995e+00
3.588553670000000029e+00
3.671360490000000087e+00
3.412569280000000038e+00
