5.515319350000000398e+00
5.751005649999999747e+00
3.973979470000000180e+00
4.487606529999999871e+00
5.414546490000000212e+00
4.226021770000000011e+00
5.334969039999999829e+00
4.612249850000000428e+00
3.971710920000000034e+00
5.316215040000000336e+00
4.547893519999999690e+00
4.384755610000000026e+00
4.315717219999999799e+00
4.265271189999999990e+00
4.190875529999999571e+00
3.518613100000000049e+00
3.376188519999999915e+00
3.027405499999999972e+00
2.739010809999999907e+00
3.225848669999999974e+00
3.491106750000000147e+00
3.235275750000000006e+00
2.454899310000000057e+00
2.685719250000000002e+00
3.245448590000000078e+00
2.762391570000000129e+00
2.810074090000000080e+00
3.996719600000000039e+00
2.640940669999999990e+00
3.234769109999999781e+00
2.945517300000000116e+00
4.218603129999999979e+00
2.737116340000000037e+00
2.504519220000000157e+00
2.633266449999999814e+00
3.486840490000000070e+00
2.952473159999999819e+00
2.788293359999999943e+00
2.716044430000000176e+00
3.169328210000000201e+00
2.796048639999999974e+00
3.228025440000000135e+00
2.954804900000000067e+00
3.266729349999999865e+00
2.467564110000000088e+00
2.986464740000000173e+00
2.493772270000000013e+00
2.578274250000000212e+00
2.899416210000000049e+00
2.801677470000000003e+00
3.067851539999999932e+00
3.179086690000000104e+00
2.658661599999999847e+00
2.766319039999999951e+00
3.129122020000000060e+00
2.882080549999999963e+00
3.358058450000000139e+00
3.436580660000000176e+00
3.106784579999999796e+00
3.233587270000000125e+00
2.750143529999999892e+00
2.886329649999999969e+00
2.597879649999999874e+00
3.372992749999999873e+00
3.356756449999999781e+00
3.182824609999999943e+00
3.315122839999999904e+00
2.688644410000000207e+00
3.224823709999999899e+00
2.619198079999999873e+00
2.862264870000000183e+00
3.761249299999999796e+00
3.631128069999999930e+00
3.063801999999999914e+00
3.360069039999999951e+00
3.191249130000000100e+00
2.831625939999999897e+00
2.628520490000000098e+00
3.146446940000000136e+00
2.953106640000000116e+00
3.933197740000000220e+00
3.044616700000000176e+00
3.902175429999999778e+00
3.166373969999999982e+00
3.167618749999999928e+00
3.136973620000000018e+00
2.927544829999999987e+00
3.004961250000000028e+00
4.088865280000000269e+00
2.854555130000000052e+00
3.196262359999999969e+00
3.528330089999999863e+00
4.139060019999999618e+00
4.387587070000000367e+00
4.083641049999999773e+00
3.108859540000000088e+00
3.157736780000000021e+00
3.240044829999999987e+00
3.095383879999999976e+00
2.990267279999999861e+00
3.073255300000000023e+00
3.374756810000000051e+00
2.944247719999999902e+00
2.832843070000000019e+00
2.656468390000000124e+00
3.478521349999999845e+00
3.555386299999999888e+00
4.601701259999999571e+00
3.662589070000000113e+00
4.294436450000000072e+00
2.890912769999999909e+00
2.654261589999999948e+00
2.489399430000000191e+00
3.325977330000000176e+00
2.548059229999999786e+00
3.273792509999999822e+00
3.073291059999999852e+00
2.658272740000000134e+00
2.917775150000000206e+00
3.368803980000000031e+00
2.952847960000000160e+00
3.470390080000000044e+00
3.531298399999999837e+00
2.950828079999999964e+00
2.785789250000000106e+00
4.197785849999999819e+00
3.197705749999999902e+00
3.149011370000000198e+00
2.959254029999999869e+00
3.387602810000000186e+00
2.667128799999999966e+00
3.166465520000000033e+00
2.906220199999999920e+00
2.960164789999999879e+00
2.780702110000000005e+00
2.804908279999999809e+00
3.025010350000000070e+00
3.337276460000000000e+00
3.880749230000000161e+00
2.749942540000000157e+00
3.279056549999999959e+00
2.915971279999999943e+00
3.260793919999999790e+00
3.213627339999999943e+00
2.759150270000000127e+00
3.001779079999999933e+00
3.136976719999999830e+00
3.529494049999999827e+00
3.094984530000000067e+00
3.324126479999999884e+00
2.264465330000000165e+00
3.119119169999999830e+00
2.757040500000000005e+00
2.983184580000000086e+00
3.136461020000000044e+00
2.707853080000000023e+00
3.313135149999999918e+00
2.838962079999999943e+00
2.977851390000000098e+00
3.307654620000000101e+00
2.755736590000000152e+00
3.095695730000000090e+00
2.881868599999999780e+00
3.268194199999999938e+00
3.498987200000000186e+00
4.573427200000000248e+00
3.473672629999999817e+00
3.575669770000000192e+00
3.286547660000000093e+00
3.938834910000000189e+00
4.241364479999999659e+00
2.717454909999999835e+00
3.722932580000000158e+00
3.243916989999999778e+00
2.963405850000000008e+00
2.817425010000000007e+00
3.210454939999999979e+00
2.572438000000000002e+00
2.673239709999999825e+00
4.044813160000000352e+00
2.784190419999999833e+00
3.383986000000000161e+00
3.111396070000000069e+00
3.067655559999999948e+00
2.739197020000000204e+00
2.780898570000000181e+00
2.809031959999999994e+00
3.133131500000000180e+00
3.347852950000000050e+00
3.209067109999999889e+00
3.347981929999999995e+00
3.312794450000000168e+00
2.431643960000000160e+00
3.000150919999999832e+00
3.056944609999999951e+00
3.213629720000000134e+00
3.140854839999999815e+00
4.363682749999999722e+00
3.148032430000000215e+00
3.295273780000000041e+00
3.059495689999999879e+00
3.634297370000000083e+00
3.130760669999999912e+00
2.999427079999999801e+00
3.016632079999999938e+00
2.861853120000000139e+00
2.559101819999999972e+00
3.146521089999999798e+00
2.984548090000000098e+00
3.490346909999999969e+00
2.790662530000000086e+00
3.092744590000000127e+00
3.314223769999999902e+00
2.767472269999999845e+00
3.075532200000000049e+00
2.751961230000000036e+00
3.030579089999999809e+00
2.546447520000000075e+00
3.718777660000000207e+00
2.667168619999999990e+00
3.098067279999999979e+00
2.588956590000000002e+00
2.681534769999999845e+00
3.553939100000000018e+00
3.052227020000000124e+00
3.261683699999999853e+00
2.649587869999999956e+00
2.886847969999999819e+00
3.343802689999999966e+00
2.844603540000000041e+00
2.739665749999999900e+00
2.956642630000000160e+00
2.741878030000000077e+00
3.294857980000000186e+00
3.496367450000000154e+00
3.095190529999999995e+00
3.964422460000000203e+00
4.013450149999999716e+00
3.096192359999999866e+00
2.993507619999999925e+00
2.738411189999999884e+00
2.562744860000000013e+00
3.867649559999999820e+00
2.801572320000000005e+00
2.272268529999999842e+00
2.166680340000000093e+00
2.429669140000000116e+00
2.168086290000000194e+00
2.677199840000000108e+00
2.653109789999999801e+00
2.365356919999999974e+00
2.683454509999999793e+00
2.446819070000000096e+00
2.452042580000000083e+00
2.834047319999999814e+00
2.287528990000000206e+00
2.205470319999999873e+00
2.093417640000000191e+00
2.839597229999999861e+00
2.287599090000000057e+00
2.638328309999999899e+00
2.730441089999999793e+00
2.216863389999999878e+00
2.578005790000000186e+00
3.010130880000000175e+00
2.358650680000000222e+00
2.612927909999999798e+00
2.714574100000000101e+00
2.654469250000000002e+00
2.194767950000000134e+00
2.605436800000000108e+00
2.656109330000000046e+00
3.604527469999999845e+00
4.155828480000000269e+00
2.929587839999999943e+00
3.224051479999999970e+00
2.558090449999999905e+00
3.027178290000000160e+00
3.078405619999999843e+00
3.216049910000000178e+00
2.959697010000000184e+00
2.800230260000000193e+00
3.055537699999999912e+00
2.945569279999999956e+00
3.064742330000000070e+00
2.877742529999999910e+00
2.524011610000000072e+00
2.843325380000000013e+00
2.845289709999999861e+00
3.339853530000000070e+00
2.946912290000000212e+00
3.180769209999999791e+00
2.985364909999999927e+00
2.700672149999999938e+00
2.672888040000000132e+00
3.161550049999999779e+00
3.324310300000000051e+00
2.398916010000000210e+00
3.282895569999999985e+00
3.123636250000000114e+00
3.188132050000000106e+00
3.242844339999999992e+00
3.311030150000000116e+00
3.953432320000000111e+00
4.118176459999999928e+00
4.649390219999999907e+00
4.656109810000000238e+00
4.867952350000000372e+00
4.282673840000000176e+00
5.171403409999999923e+00
3.897921320000000023e+00
4.216026779999999974e+00
4.407110689999999664e+00
5.876709939999999577e+00
7.368763920000000134e+00
7.062021729999999664e+00
6.600059510000000351e+00
6.336865900000000273e+00
3.857523679999999899e+00
3.084247350000000054e+00
2.326157810000000215e+00
3.213592530000000114e+00
3.199266430000000216e+00
3.907386779999999948e+00
2.948536400000000057e+00
2.744748120000000124e+00
2.688846589999999814e+00
2.823487759999999902e+00
4.427978040000000171e+00
5.947749139999999990e+00
5.247994420000000382e+00
4.264105319999999644e+00
3.395891900000000074e+00
3.261626720000000201e+00
3.015391109999999930e+00
2.919810060000000096e+00
3.000935080000000088e+00
3.296575310000000147e+00
2.905255320000000197e+00
2.962999340000000092e+00
3.158496140000000008e+00
2.798088550000000119e+00
3.519674779999999892e+00
2.823122979999999949e+00
3.264309879999999886e+00
3.255444049999999923e+00
2.678605080000000083e+00
2.789067750000000068e+00
2.895670410000000139e+00
3.266436099999999954e+00
4.439801690000000356e+00
4.407057759999999824e+00
4.435016629999999793e+00
6.024922850000000274e+00
5.488119130000000290e+00
3.743234160000000088e+00
4.384607319999999753e+00
2.835033890000000056e+00
3.155967239999999840e+00
2.753902440000000063e+00
3.055666449999999923e+00
3.467345949999999899e+00
3.089649919999999828e+00
4.629324440000000429e+00
3.958521129999999832e+00
4.572143080000000026e+00
4.374936579999999964e+00
4.785230639999999980e+00
2.828177689999999966e+00
3.620650289999999938e+00
4.572310919999999612e+00
4.045259480000000352e+00
3.161608220000000191e+00
2.990414139999999943e+00
2.804476980000000008e+00
2.826767209999999864e+00
2.516607519999999987e+00
3.170711279999999910e+00
2.748290540000000171e+00
3.572082759999999801e+00
3.013853310000000008e+00
2.486786369999999913e+00
2.817002299999999959e+00
2.610405210000000142e+00
2.984792950000000111e+00
2.900222540000000127e+00
2.991900209999999838e+00
3.375407699999999789e+00
3.389365909999999982e+00
3.071495290000000100e+00
3.256794929999999866e+00
3.024650100000000119e+00
3.085547210000000096e+00
2.949776889999999874e+00
3.001643660000000047e+00
2.863057850000000126e+00
3.121231079999999825e+00
2.809504270000000137e+00
3.088791609999999910e+00
2.992123369999999838e+00
2.923501969999999783e+00
2.829664950000000179e+00
3.217232469999999900e+00
3.442805050000000033e+00
4.260260579999999742e+00
4.450464249999999566e+00
5.218672279999999830e+00
5.081970690000000346e+00
4.404236319999999871e+00
4.597683909999999763e+00
4.215420720000000010e+00
4.137863639999999954e+00
3.290106059999999832e+00
3.079419370000000100e+00
3.229024889999999814e+00
3.255778789999999923e+00
3.204967980000000161e+00
2.928500179999999897e+00
4.051605699999999644e+00
3.090717080000000117e+00
2.824251170000000144e+00
3.018295999999999868e+00
2.421409849999999864e+00
3.033741710000000147e+00
2.994616029999999984e+00
2.918215749999999886e+00
2.641765589999999886e+00
3.300097229999999993e+00
3.069220539999999886e+00
3.585167409999999943e+00
2.876175640000000033e+00
2.809379820000000194e+00
3.342885729999999889e+00
2.969930409999999910e+00
4.946980479999999680e+00
4.010060789999999820e+00
3.121919629999999835e+00
3.140126710000000099e+00
2.992207290000000075e+00
3.037017350000000171e+00
2.890916349999999913e+00
2.808181520000000209e+00
3.009411810000000020e+00
2.780877830000000106e+00
3.017497060000000175e+00
4.675464149999999819e+00
2.601427789999999796e+00
4.304671759999999736e+00
4.302251820000000393e+00
2.842497830000000114e+00
2.888875479999999829e+00
3.035935400000000062e+00
3.373350620000000077e+00
3.536397220000000008e+00
3.052364110000000075e+00
2.993409160000000124e+00
2.986130000000000173e+00
3.706978560000000034e+00
3.099244360000000142e+00
2.924244400000000077e+00
4.396697520000000026e+00
4.380164149999999701e+00
4.607940669999999628e+00
4.346688269999999576e+00
2.989549880000000215e+00
3.206458329999999801e+00
3.090273859999999928e+00
2.708412889999999962e+00
3.072197440000000057e+00
2.833674670000000173e+00
4.005107879999999732e+00
3.619634149999999995e+00
3.734549050000000037e+00
3.100018260000000137e+00
3.137847659999999816e+00
2.809216020000000036e+00
3.289667609999999964e+00
3.510190010000000083e+00
2.805903429999999865e+00
3.184040070000000000e+00
3.300140380000000206e+00
2.993498799999999793e+00
2.836790080000000103e+00
4.214710710000000304e+00
4.417219160000000144e+00
5.846575739999999577e+00
4.355927470000000135e+00
4.362543579999999643e+00
4.167546269999999886e+00
3.860917090000000051e+00
4.604846000000000217e+00
2.946824789999999972e+00
3.244943619999999918e+00
2.720091340000000191e+00
2.303600310000000206e+00
2.857653379999999910e+00
2.491629119999999808e+00
3.616696119999999848e+00
4.830459120000000439e+00
4.079252239999999752e+00
4.551001069999999871e+00
4.273396489999999659e+00
3.819525959999999998e+00
3.990021229999999974e+00
4.834150310000000061e+00
4.239500050000000186e+00
3.610264059999999997e+00
3.651701689999999889e+00
4.311890130000000099e+00
4.370010849999999891e+00
3.927863599999999789e+00
3.779592749999999945e+00
4.088004109999999969e+00
3.471658230000000067e+00
4.040116310000000155e+00
4.323155400000000093e+00
4.113840579999999747e+00
3.980979919999999783e+00
4.152553560000000310e+00
4.281129840000000186e+00
3.899882789999999932e+00
4.022294040000000237e+00
3.888213159999999835e+00
4.125214099999999995e+00
3.001131529999999881e+00
2.715436459999999830e+00
2.817174200000000184e+00
2.117401599999999995e+00
2.502577780000000196e+00
2.814450260000000092e+00
3.615385770000000054e+00
2.629560709999999801e+00
2.954213859999999858e+00
2.690979720000000075e+00
2.717262980000000105e+00
2.486022709999999858e+00
2.582167629999999825e+00
2.715495109999999990e+00
3.459713219999999811e+00
3.455978159999999910e+00
3.122257470000000090e+00
3.467993499999999951e+00
3.768189430000000062e+00
2.211363319999999799e+00
2.831306220000000096e+00
2.838503840000000000e+00
3.090513469999999874e+00
2.765843149999999806e+00
3.062340020000000163e+00
2.952252389999999949e+00
3.250554800000000188e+00
2.744484190000000101e+00
3.186865089999999956e+00
2.496655230000000003e+00
3.268167019999999923e+00
2.934520480000000209e+00
2.602400540000000095e+00
2.868189810000000062e+00
2.822866199999999992e+00
3.042518380000000189e+00
2.581354380000000059e+00
2.806240799999999869e+00
2.765290020000000126e+00
3.596482040000000158e+00
3.110208749999999966e+00
3.160723210000000005e+00
3.312808280000000050e+00
3.032919650000000189e+00
3.165771959999999829e+00
3.139727349999999806e+00
3.475211859999999930e+00
2.615917919999999786e+00
3.380812880000000131e+00
5.526891710000000124e+00
2.951082710000000109e+00
2.779100660000000111e+00
2.770450120000000016e+00
5.274055480000000351e+00
5.059368609999999933e+00
3.760969160000000144e+00
2.899330379999999874e+00
2.748929500000000026e+00
2.902984379999999920e+00
4.476013659999999561e+00
3.335695980000000116e+00
3.048835990000000162e+00
3.904884580000000049e+00
2.782480960000000003e+00
3.300618409999999781e+00
2.880939479999999886e+00
3.423302169999999922e+00
3.107702259999999939e+00
3.003740790000000160e+00
2.915832519999999928e+00
2.993958950000000119e+00
2.807297709999999835e+00
2.944721459999999791e+00
3.247980829999999930e+00
3.317378520000000108e+00
3.388230319999999907e+00
3.049242019999999886e+00
2.702405450000000098e+00
3.072771550000000129e+00
3.935809610000000180e+00
3.229337220000000119e+00
5.385886189999999907e+00
4.632691860000000439e+00
6.143239969999999772e+00
5.445455550000000144e+00
5.964334960000000407e+00
3.092587949999999974e+00
3.274281980000000036e+00
3.036854509999999951e+00
2.710428709999999963e+00
2.689612630000000060e+00
3.094655990000000134e+00
3.020296339999999802e+00
3.324066639999999850e+00
3.397368430000000217e+00
3.724920270000000144e+00
2.783540009999999842e+00
3.475758079999999861e+00
3.643591170000000101e+00
3.112473959999999984e+00
3.349532369999999926e+00
3.019667389999999951e+00
3.451233150000000194e+00
2.951152560000000147e+00
3.239785910000000158e+00
4.629868509999999659e+00
2.840083120000000072e+00
2.976201769999999858e+00
3.324594970000000149e+00
2.843960290000000057e+00
3.132088899999999843e+00
3.318573000000000217e+00
3.149555209999999938e+00
3.106341120000000178e+00
2.361036299999999866e+00
2.721835850000000168e+00
3.067281250000000181e+00
3.209951639999999884e+00
3.138068440000000070e+00
2.983660459999999848e+00
3.006142619999999877e+00
3.232107399999999853e+00
2.932175400000000209e+00
2.886573079999999791e+00
3.268239739999999838e+00
2.888422489999999954e+00
2.884966369999999891e+00
2.712825299999999995e+00
3.100030659999999827e+00
3.442133899999999969e+00
2.975955490000000037e+00
3.040166380000000057e+00
3.025637870000000174e+00
4.055132869999999556e+00
3.070816279999999843e+00
2.798360349999999830e+00
3.161088229999999832e+00
3.194422250000000130e+00
2.887363670000000049e+00
2.855752709999999972e+00
3.068840269999999926e+00
2.754488949999999825e+00
3.610265969999999935e+00
3.092329260000000080e+00
3.122916220000000020e+00
2.873271700000000095e+00
3.246616599999999853e+00
3.246505739999999918e+00
3.867790219999999834e+00
4.291237830000000031e+00
4.710688590000000175e+00
3.496127130000000083e+00
4.219593999999999845e+00
4.346133230000000403e+00
5.267199040000000387e+00
4.651518819999999721e+00
3.949643369999999987e+00
5.070813180000000031e+00
4.818691730000000284e+00
5.691695209999999783e+00
4.911145689999999675e+00
5.501739030000000419e+00
4.656444549999999793e+00
5.619511600000000051e+00
3.325804709999999886e+00
2.752374409999999827e+00
2.917707200000000167e+00
2.417788269999999962e+00
3.288861509999999821e+00
2.969209429999999816e+00
3.036234859999999980e+00
3.374649520000000180e+00
2.722299809999999987e+00
2.649754999999999860e+00
2.661035539999999866e+00
2.507744310000000088e+00
2.413649560000000083e+00
3.208671090000000170e+00
2.471130850000000212e+00
3.782374139999999940e+00
5.085716719999999746e+00
4.704523560000000160e+00
5.083758350000000092e+00
4.367083069999999623e+00
5.149037840000000088e+00
4.876727579999999840e+00
4.482423309999999717e+00
3.739128109999999783e+00
6.317352770000000284e+00
5.145151140000000289e+00
6.068019389999999902e+00
6.096361639999999582e+00
5.217597010000000424e+00
5.158929350000000191e+00
5.252592560000000077e+00
4.667019840000000030e+00
5.614938740000000372e+00
5.560013289999999664e+00
4.136896609999999974e+00
4.996716980000000419e+00
6.077802179999999943e+00
5.185116289999999850e+00
5.122087480000000248e+00
4.737517360000000011e+00
5.114509580000000000e+00
2.842397210000000118e+00
2.917205570000000137e+00
3.243467330000000093e+00
4.718321320000000263e+00
3.984210009999999968e+00
3.163179159999999879e+00
3.980614899999999956e+00
4.665280820000000439e+00
4.187845710000000388e+00
2.851263760000000147e+00
3.373823170000000093e+00
3.614166979999999807e+00
3.236465690000000173e+00
3.878124950000000126e+00
3.685189719999999891e+00
3.468226430000000082e+00
3.483233450000000175e+00
3.397807119999999959e+00
2.531677960000000116e+00
3.192555430000000083e+00
3.993366480000000163e+00
3.047538760000000124e+00
3.669247630000000093e+00
2.441082240000000070e+00
3.954912660000000191e+00
3.198536629999999992e+00
3.048492669999999904e+00
2.994479890000000033e+00
3.007223129999999855e+00
3.285819290000000059e+00
3.184982779999999902e+00
2.768779279999999954e+00
3.157622579999999957e+00
3.084572080000000049e+00
3.356637479999999840e+00
3.238964800000000199e+00
3.579898599999999931e+00
3.171996360000000070e+00
2.619125599999999832e+00
3.053034310000000140e+00
2.555778500000000175e+00
3.651219370000000186e+00
3.367208240000000075e+00
3.618200780000000005e+00
3.094126460000000023e+00
3.004683969999999871e+00
4.411829469999999809e+00
5.940554620000000341e+00
3.242483619999999789e+00
2.506250619999999873e+00
4.274061200000000227e+00
4.490589619999999726e+00
4.863272669999999742e+00
4.894428729999999561e+00
5.353322979999999731e+00
5.338438990000000217e+00
5.205399990000000088e+00
4.663788320000000098e+00
5.875552650000000376e+00
5.543424130000000005e+00
4.487287519999999752e+00
4.728496550000000020e+00
4.778917790000000387e+00
5.191928859999999979e+00
4.194448470000000206e+00
3.122584100000000085e+00
3.079629660000000158e+00
2.947596310000000219e+00
3.208394769999999951e+00
2.909950260000000011e+00
2.740565779999999840e+00
2.658980849999999840e+00
3.839978690000000139e+00
3.320379969999999847e+00
2.605550290000000047e+00
3.223137620000000148e+00
4.718560219999999639e+00
3.010210509999999839e+00
2.711511139999999820e+00
2.255122899999999930e+00
2.574863199999999797e+00
2.972090479999999868e+00
2.956312660000000037e+00
2.800604820000000217e+00
2.810465569999999857e+00
2.505711789999999883e+00
3.444198370000000065e+00
2.963053939999999997e+00
2.648261789999999838e+00
1.884726759999999945e+00
2.687231539999999974e+00
3.084378720000000129e+00
2.952474120000000202e+00
3.018788579999999833e+00
3.141990900000000142e+00
3.173339610000000199e+00
3.105510709999999897e+00
2.945065019999999922e+00
2.798049209999999842e+00
2.794674399999999892e+00
2.901908870000000196e+00
2.548042300000000093e+00
3.421038629999999969e+00
2.694548849999999884e+00
2.766806840000000101e+00
2.585436580000000095e+00
2.599574800000000074e+00
2.121927980000000158e+00
2.352322340000000178e+00
2.441819429999999791e+00
2.352891449999999995e+00
2.664249419999999979e+00
2.662815090000000051e+00
2.429837229999999959e+00
2.266120200000000029e+00
2.288600680000000054e+00
2.306207660000000104e+00
2.610809559999999863e+00
2.750744339999999788e+00
2.812583449999999985e+00
3.229089500000000168e+00
3.003006220000000059e+00
2.959238769999999796e+00
3.064735170000000064e+00
3.412533279999999891e+00
2.399521589999999982e+00
2.698090309999999992e+00
2.854366300000000134e+00
4.016473290000000418e+00
3.919148680000000162e+00
3.145328999999999819e+00
3.372966770000000114e+00
3.224752899999999922e+00
3.315218929999999897e+00
3.382132529999999804e+00
2.812063929999999878e+00
3.741346599999999967e+00
5.461582179999999731e+00
5.055143829999999561e+00
5.261892800000000037e+00
3.984416250000000215e+00
2.405600549999999949e+00
2.699497220000000031e+00
3.151030299999999951e+00
3.987354990000000043e+00
4.280873299999999659e+00
4.292061330000000119e+00
4.309521679999999577e+00
2.718844890000000181e+00
2.784480330000000059e+00
3.046966789999999925e+00
3.019414900000000124e+00
3.353923800000000011e+00
2.577520129999999909e+00
2.801301479999999788e+00
2.968166350000000175e+00
3.061257359999999927e+00
5.099906919999999566e+00
4.885290620000000139e+00
4.266494749999999669e+00
4.010797499999999793e+00
4.944947240000000299e+00
5.047117229999999566e+00
4.654528619999999783e+00
5.489863399999999949e+00
3.724538560000000054e+00
5.295919419999999711e+00
5.504921440000000388e+00
4.670610429999999980e+00
3.935644149999999897e+00
4.425539969999999990e+00
4.593960290000000057e+00
5.006479259999999876e+00
4.435746670000000336e+00
5.906404499999999835e+00
5.804625030000000407e+00
3.262096409999999835e+00
2.294295790000000057e+00
3.992228750000000215e+00
6.921067709999999984e+00
7.846922400000000408e+00
4.516669750000000150e+00
4.160730359999999628e+00
4.870461459999999576e+00
6.797564030000000201e+00
5.349903580000000325e+00
5.390788080000000093e+00
6.590986730000000016e+00
6.245697980000000094e+00
4.615568640000000222e+00
4.618137840000000161e+00
4.660555839999999783e+00
4.518544669999999819e+00
5.345662589999999881e+00
4.380024429999999747e+00
6.274910450000000139e+00
3.597682480000000016e+00
4.075464249999999566e+00
3.071839329999999979e+00
3.343381400000000170e+00
4.599161620000000283e+00
2.994424340000000129e+00
3.622717139999999780e+00
3.614496470000000183e+00
2.961235049999999980e+00
3.203387020000000085e+00
3.176299329999999976e+00
5.515761379999999825e+00
3.232402089999999895e+00
3.130288119999999896e+00
2.867821460000000044e+00
2.872494459999999972e+00
2.754091020000000167e+00
2.952522749999999974e+00
2.849490639999999964e+00
3.020607469999999850e+00
3.409310580000000090e+00
2.887073280000000075e+00
2.885868069999999896e+00
2.901966090000000165e+00
3.336242439999999920e+00
2.684657099999999907e+00
3.100550169999999994e+00
2.808919429999999995e+00
3.147465229999999892e+00
3.750759840000000178e+00
3.194030759999999969e+00
3.022993089999999938e+00
2.989464279999999974e+00
2.838536019999999827e+00
3.294673439999999953e+00
3.123537779999999930e+00
3.001099350000000054e+00
2.850476029999999827e+00
2.843377110000000041e+00
3.496245860000000150e+00
3.031911369999999994e+00
2.632148739999999876e+00
3.165104390000000212e+00
2.880524159999999778e+00
2.668201209999999879e+00
2.875172379999999972e+00
3.048692459999999826e+00
2.641117570000000025e+00
4.222738269999999794e+00
4.388296129999999629e+00
4.318080430000000192e+00
2.959743500000000083e+00
2.748002769999999817e+00
3.294437649999999884e+00
3.030672790000000116e+00
2.796013359999999892e+00
3.986222740000000098e+00
3.332797289999999801e+00
2.926583050000000075e+00
2.904287819999999964e+00
3.263546709999999962e+00
3.475668429999999809e+00
3.129698279999999944e+00
3.182784320000000111e+00
3.014268640000000055e+00
2.771008489999999824e+00
3.284523249999999894e+00
3.018442390000000142e+00
2.929188490000000034e+00
3.401498080000000090e+00
2.824288609999999977e+00
3.139205459999999892e+00
3.591998579999999830e+00
3.182475569999999809e+00
3.065587999999999980e+00
3.655174020000000024e+00
4.252303600000000294e+00
3.226931330000000209e+00
2.978151800000000016e+00
3.120272400000000168e+00
3.311874630000000153e+00
3.034819360000000188e+00
2.741062159999999803e+00
3.053440810000000116e+00
2.518750670000000191e+00
4.032306669999999649e+00
4.582532879999999587e+00
4.860983369999999582e+00
4.351163859999999772e+00
2.889045480000000055e+00
2.852976799999999979e+00
2.716875790000000013e+00
3.121682879999999827e+00
3.548530579999999990e+00
3.209515810000000080e+00
2.849600319999999964e+00
3.045815230000000096e+00
3.561413760000000206e+00
4.347794529999999824e+00
4.330288409999999644e+00
4.266636369999999623e+00
2.851491209999999832e+00
4.662158490000000377e+00
4.033140180000000186e+00
2.958969590000000149e+00
3.089741469999999879e+00
3.702164649999999835e+00
4.185232639999999726e+00
3.280699970000000132e+00
3.064782140000000155e+00
3.300541879999999928e+00
3.096866369999999868e+00
4.619721890000000109e+00
5.049918650000000397e+00
5.198328970000000382e+00
4.379897119999999866e+00
5.493075850000000315e+00
3.915416720000000073e+00
4.800396440000000098e+00
4.625869269999999922e+00
3.245953559999999793e+00
3.695487260000000163e+00
3.599886890000000061e+00
2.841992859999999954e+00
4.551230910000000129e+00
4.405640599999999907e+00
4.252588750000000140e+00
4.018832680000000046e+00
4.343846319999999928e+00
2.878104930000000117e+00
2.731178050000000024e+00
4.149866099999999669e+00
4.528169629999999835e+00
4.097269060000000351e+00
3.179181579999999840e+00
3.941323999999999828e+00
6.477185249999999783e+00
5.649621960000000165e+00
5.720606799999999659e+00
7.127473829999999566e+00
5.794741150000000118e+00
6.038877010000000212e+00
7.037770749999999964e+00
6.101585870000000078e+00
4.797693250000000020e+00
4.449323180000000377e+00
5.418218139999999572e+00
4.470326420000000134e+00
4.738523009999999758e+00
4.832292080000000212e+00
4.685885429999999907e+00
5.036723140000000321e+00
5.587080480000000016e+00
4.233981130000000093e+00
4.113420960000000015e+00
3.910254720000000184e+00
4.620582100000000025e+00
5.057490350000000134e+00
4.995447160000000331e+00
4.496673580000000392e+00
4.334651469999999840e+00
4.378785129999999803e+00
5.351359369999999949e+00
5.497913839999999830e+00
5.398689270000000207e+00
4.405280590000000274e+00
5.035573959999999794e+00
5.157777789999999918e+00
3.669561859999999953e+00
4.223499770000000098e+00
4.357089519999999716e+00
4.526212219999999675e+00
5.639803409999999850e+00
4.969922539999999778e+00
2.046799179999999829e+00
1.939299700000000071e+00
1.955992219999999948e+00
1.946915860000000054e+00
1.980252979999999940e+00
1.988412620000000075e+00
2.019455910000000021e+00
2.228317259999999855e+00
2.083796260000000178e+00
2.516943449999999860e+00
2.722243070000000209e+00
3.027126070000000002e+00
2.774510380000000165e+00
2.398411750000000175e+00
2.510834689999999814e+00
2.700630429999999915e+00
3.134490969999999876e+00
2.962496520000000189e+00
3.316814659999999915e+00
3.094203470000000067e+00
3.009268520000000002e+00
2.736310009999999959e+00
3.136017320000000108e+00
3.004151820000000139e+00
2.740106579999999958e+00
2.903955460000000155e+00
2.560739279999999951e+00
2.969495300000000171e+00
2.620655059999999814e+00
2.925645589999999796e+00
2.860804560000000052e+00
3.096736910000000176e+00
3.272599940000000096e+00
3.402852059999999845e+00
3.095703600000000222e+00
3.212521310000000074e+00
3.311040639999999868e+00
2.983453990000000111e+00
2.734133480000000116e+00
3.292853829999999871e+00
3.307419059999999966e+00
2.822107550000000131e+00
2.808810949999999806e+00
2.886346580000000106e+00
2.971701379999999837e+00
3.053018569999999876e+00
3.030825609999999948e+00
2.861015559999999791e+00
2.965904710000000222e+00
3.063488480000000180e+00
2.798053499999999971e+00
3.400734899999999783e+00
2.831402540000000023e+00
3.305175540000000023e+00
2.778671500000000183e+00
4.670569419999999639e+00
4.490501400000000309e+00
4.949244979999999572e+00
4.746042250000000351e+00
5.475278849999999586e+00
3.420076850000000057e+00
3.346254109999999837e+00
3.015048029999999990e+00
3.484249590000000119e+00
2.401370759999999827e+00
3.186784739999999783e+00
3.220783710000000077e+00
3.653572080000000000e+00
2.893765450000000072e+00
3.136843680000000134e+00
2.497857090000000113e+00
3.610733510000000202e+00
3.174998280000000062e+00
2.706173179999999956e+00
3.023593659999999961e+00
3.233355519999999927e+00
3.133229259999999794e+00
3.051161770000000217e+00
2.991540430000000139e+00
2.877363439999999883e+00
4.364271640000000119e+00
4.046563629999999634e+00
4.702274799999999644e+00
4.552293780000000289e+00
5.369627480000000119e+00
4.975760460000000052e+00
5.379759789999999597e+00
7.475757119999999922e+00
7.684454439999999664e+00
8.153685570000000382e+00
7.612751010000000207e+00
6.333451750000000047e+00
6.342811110000000419e+00
6.145357609999999582e+00
8.293137550000000857e+00
7.098354819999999954e+00
6.538201810000000336e+00
7.054532530000000357e+00
6.727149960000000206e+00
5.333548069999999974e+00
7.702950949999999963e+00
6.073323249999999618e+00
5.120183940000000433e+00
5.758409499999999959e+00
5.720345970000000335e+00
5.593692299999999840e+00
5.535969729999999700e+00
4.524798389999999948e+00
4.948194029999999799e+00
4.431863779999999586e+00
5.497805600000000403e+00
6.064880370000000021e+00
5.713403220000000005e+00
6.329020980000000129e+00
6.824369429999999959e+00
7.392133710000000413e+00
6.246382709999999783e+00
6.459108350000000165e+00
7.705104350000000046e+00
7.085387230000000258e+00
7.274793619999999628e+00
6.993861199999999556e+00
6.520927430000000413e+00
6.995376109999999592e+00
5.174007890000000387e+00
4.771419999999999995e+00
4.393872260000000196e+00
4.583124159999999669e+00
4.177683830000000320e+00
4.708974360000000026e+00
5.060368060000000057e+00
4.318010329999999897e+00
4.785669799999999974e+00
5.870718959999999598e+00
3.689442870000000152e+00
5.054696080000000258e+00
4.555831910000000207e+00
5.221505640000000170e+00
3.165180920000000064e+00
2.986203670000000088e+00
3.308383940000000134e+00
3.223694560000000209e+00
2.796478990000000220e+00
3.014863010000000010e+00
3.342485190000000106e+00
3.204779859999999925e+00
3.129860159999999780e+00
3.260382649999999938e+00
3.369593860000000163e+00
3.075467590000000140e+00
2.980869049999999909e+00
3.230641599999999780e+00
2.702369210000000077e+00
3.510706190000000060e+00
3.061781170000000163e+00
3.123457430000000201e+00
4.609306809999999643e+00
4.494139670000000031e+00
4.691236499999999587e+00
3.062968970000000013e+00
4.202212809999999799e+00
5.088776590000000155e+00
4.652538299999999793e+00
5.794080730000000123e+00
5.265535350000000392e+00
4.805367470000000196e+00
4.676946159999999963e+00
6.922787190000000201e+00
5.289332390000000217e+00
5.463681700000000419e+00
5.349743840000000361e+00
5.268783090000000335e+00
5.965664389999999706e+00
5.653969759999999845e+00
5.310245039999999861e+00
4.610736850000000331e+00
4.914723870000000439e+00
5.718056200000000366e+00
5.471032140000000155e+00
5.444534299999999938e+00
4.549574849999999948e+00
5.653235910000000253e+00
4.613913540000000424e+00
4.266718860000000113e+00
5.119589330000000160e+00
5.442979809999999752e+00
3.075029610000000080e+00
3.325027470000000207e+00
3.260377880000000062e+00
2.659133670000000116e+00
3.389062640000000126e+00
2.578489540000000080e+00
3.096915479999999832e+00
2.878278970000000214e+00
2.775281189999999842e+00
2.934635880000000085e+00
3.031186819999999837e+00
2.963676930000000098e+00
3.460186960000000145e+00
5.332479479999999938e+00
4.742705820000000294e+00
2.485271220000000003e+00
3.655386210000000080e+00
2.778094289999999855e+00
4.800633910000000171e+00
3.050179959999999912e+00
2.775624989999999848e+00
4.445147509999999968e+00
3.916872979999999949e+00
5.816982750000000202e+00
5.992417810000000067e+00
4.914501190000000186e+00
4.056790349999999989e+00
4.386217590000000222e+00
4.653965000000000352e+00
4.238390919999999618e+00
4.288799290000000042e+00
4.698480130000000088e+00
4.805108070000000176e+00
4.130629540000000155e+00
4.667306899999999814e+00
7.154589650000000134e+00
6.681298260000000155e+00
6.684156889999999684e+00
7.326314929999999670e+00
4.334661960000000036e+00
5.008214950000000165e+00
4.689987659999999892e+00
5.256863590000000030e+00
5.032933710000000005e+00
4.635261540000000124e+00
4.979058270000000341e+00
4.656371590000000005e+00
4.918802259999999649e+00
5.946044449999999593e+00
5.733989720000000290e+00
5.951845650000000099e+00
5.110257630000000439e+00
7.095967289999999927e+00
5.678991790000000428e+00
5.760851859999999824e+00
5.842231749999999835e+00
5.355502129999999639e+00
7.053091529999999665e+00
6.634293079999999954e+00
6.064597130000000114e+00
5.860356809999999861e+00
5.048917290000000335e+00
4.231089589999999845e+00
6.408178809999999892e+00
5.532525539999999964e+00
5.444762230000000258e+00
5.405949589999999638e+00
5.686571599999999727e+00
5.053919320000000326e+00
4.777224539999999742e+00
4.759427549999999840e+00
4.852223870000000439e+00
5.337040899999999866e+00
5.982716080000000325e+00
5.116120819999999902e+00
4.252167219999999581e+00
3.423445699999999814e+00
2.997232680000000205e+00
2.303670879999999865e+00
3.011878729999999837e+00
2.435486319999999871e+00
3.172016380000000080e+00
3.106394289999999891e+00
3.563157560000000057e+00
3.506535770000000163e+00
3.184479479999999807e+00
2.907191749999999963e+00
3.633866069999999837e+00
3.413468599999999853e+00
2.892624860000000186e+00
2.587583539999999793e+00
2.607104300000000041e+00
3.539067030000000003e+00
3.359022139999999990e+00
3.143262619999999785e+00
2.861101389999999967e+00
3.689049240000000118e+00
3.994124409999999958e+00
3.717281100000000116e+00
4.339010240000000351e+00
4.819061279999999670e+00
4.652115819999999680e+00
2.809716219999999876e+00
3.136463399999999790e+00
4.321966650000000243e+00
3.099600319999999964e+00
3.022993089999999938e+00
3.050561430000000129e+00
2.956832649999999951e+00
3.557821510000000131e+00
4.744322780000000073e+00
3.399892089999999811e+00
3.041267400000000176e+00
3.037842270000000067e+00
3.948906899999999887e+00
3.220507379999999920e+00
2.614057059999999932e+00
3.171197180000000060e+00
3.365125180000000160e+00
3.505012269999999930e+00
3.225991959999999992e+00
2.610153200000000062e+00
3.005662919999999794e+00
2.535073280000000207e+00
2.976239200000000196e+00
3.328784230000000122e+00
5.049297329999999917e+00
5.300100330000000248e+00
5.751926899999999954e+00
6.327034949999999824e+00
6.258965019999999768e+00
6.185839650000000134e+00
5.721262929999999969e+00
5.039818290000000367e+00
5.829635620000000351e+00
5.384804250000000181e+00
5.875171179999999715e+00
5.900757310000000366e+00
5.501730440000000222e+00
5.353955270000000155e+00
5.683129789999999737e+00
5.361470220000000175e+00
5.307639120000000155e+00
5.633091929999999969e+00
4.283288480000000398e+00
5.297496800000000228e+00
5.177351469999999622e+00
5.005370140000000134e+00
4.332364079999999618e+00
5.366057399999999866e+00
4.742299560000000191e+00
4.529025080000000258e+00
2.978427169999999791e+00
3.015110490000000087e+00
3.031908989999999804e+00
2.745818139999999907e+00
2.687452319999999784e+00
2.345570330000000148e+00
3.437717679999999998e+00
3.350490810000000153e+00
3.602571010000000129e+00
3.048671479999999878e+00
2.836616990000000005e+00
3.366314169999999883e+00
4.435897830000000042e+00
3.890706300000000173e+00
3.768678899999999832e+00
5.486330030000000413e+00
2.509200100000000155e+00
2.767023800000000033e+00
2.853929519999999886e+00
2.935914990000000113e+00
3.326755289999999921e+00
4.783744340000000150e+00
6.611970419999999571e+00
4.554806229999999623e+00
4.187378409999999995e+00
5.999104499999999618e+00
5.753681659999999809e+00
5.338889120000000155e+00
5.148839470000000418e+00
6.042567730000000026e+00
5.307565689999999670e+00
6.764151570000000113e+00
5.242997169999999763e+00
5.828588009999999819e+00
5.571241380000000021e+00
5.112829689999999871e+00
3.729100229999999794e+00
5.202325339999999798e+00
4.101225849999999618e+00
4.520587439999999901e+00
5.082223420000000047e+00
4.031179899999999705e+00
2.835653310000000094e+00
3.235210899999999778e+00
2.872231250000000014e+00
2.776732439999999968e+00
3.278795720000000191e+00
2.704181670000000093e+00
3.248167039999999783e+00
2.590233560000000157e+00
2.528259990000000013e+00
3.034832950000000196e+00
3.080178259999999835e+00
2.695722099999999788e+00
2.981406690000000026e+00
2.530870680000000039e+00
4.578798289999999938e+00
4.310953139999999628e+00
2.988291260000000005e+00
3.428615569999999835e+00
4.634099009999999907e+00
5.598805429999999639e+00
6.469195840000000253e+00
2.854925629999999881e+00
2.608624460000000145e+00
3.192742819999999870e+00
2.638880490000000023e+00
2.581795449999999992e+00
2.698697329999999894e+00
2.590650080000000077e+00
2.900502439999999904e+00
3.312562230000000163e+00
2.577377559999999956e+00
2.946147680000000157e+00
3.093880650000000010e+00
2.825701950000000018e+00
2.889032600000000173e+00
4.586094379999999582e+00
4.387271880000000124e+00
2.569512839999999798e+00
3.040168519999999930e+00
2.263844250000000002e+00
3.111686469999999982e+00
2.422007080000000201e+00
3.391920090000000165e+00
3.295284989999999858e+00
2.497963910000000176e+00
2.625167129999999904e+00
3.206761600000000101e+00
3.156597140000000135e+00
3.107845779999999891e+00
2.719076629999999994e+00
2.658761740000000096e+00
2.909536839999999902e+00
3.159695389999999993e+00
5.892375949999999918e+00
6.642517090000000124e+00
4.561418060000000274e+00
4.523575310000000016e+00
5.261464120000000300e+00
4.534163000000000388e+00
5.101250649999999887e+00
5.903872490000000361e+00
5.451202870000000367e+00
5.053954599999999964e+00
5.089801790000000103e+00
5.103358749999999944e+00
5.437445160000000222e+00
5.610594269999999995e+00
6.156046390000000201e+00
5.567855830000000061e+00
4.201094150000000305e+00
4.282990930000000418e+00
5.277434350000000052e+00
4.979430200000000362e+00
5.153421400000000041e+00
5.631166930000000015e+00
5.114238740000000227e+00
5.193515780000000248e+00
6.615778449999999644e+00
5.648237710000000078e+00
6.188388820000000123e+00
5.312037939999999736e+00
5.523600100000000346e+00
5.838243480000000041e+00
6.128345969999999809e+00
5.870076659999999613e+00
5.514061929999999556e+00
4.893551350000000078e+00
4.991082669999999943e+00
4.861207010000000217e+00
5.516781329999999706e+00
4.907321450000000418e+00
5.626520629999999912e+00
9.084626200000000651e+00
8.040036199999999411e+00
7.761827470000000062e+00
7.152513500000000413e+00
6.243853089999999995e+00
4.536377429999999933e+00
5.139833450000000248e+00
4.594527720000000315e+00
3.249276399999999843e+00
4.248885150000000444e+00
3.387343169999999848e+00
2.896302219999999927e+00
2.783034799999999809e+00
3.092411279999999874e+00
2.913439509999999899e+00
6.322033410000000409e+00
5.525595189999999768e+00
4.693495750000000299e+00
6.412154199999999804e+00
4.849577899999999886e+00
4.982882499999999659e+00
5.001299859999999597e+00
6.299656389999999995e+00
4.486666679999999907e+00
5.516592980000000424e+00
4.708527570000000217e+00
3.095579390000000153e+00
3.579638239999999971e+00
2.994291539999999863e+00
3.111917259999999796e+00
4.719627380000000372e+00
2.892528060000000067e+00
2.768466230000000028e+00
2.970540760000000002e+00
3.097679850000000012e+00
3.375500199999999840e+00
3.170818329999999907e+00
3.029225349999999928e+00
3.220078949999999995e+00
2.510180000000000078e+00
5.567934990000000361e+00
5.794739719999999927e+00
5.682553770000000171e+00
5.117091180000000072e+00
5.447715279999999716e+00
4.945158479999999912e+00
5.427896979999999871e+00
4.914075849999999690e+00
4.748668190000000067e+00
4.672647000000000439e+00
4.437727449999999685e+00
3.160128119999999985e+00
2.437432049999999961e+00
2.970287560000000049e+00
4.289530280000000140e+00
2.769067759999999989e+00
4.516122339999999902e+00
4.552668090000000056e+00
4.627408980000000227e+00
4.212181570000000264e+00
4.432716850000000264e+00
3.126274350000000091e+00
3.086960320000000202e+00
3.157310009999999778e+00
3.034039260000000127e+00
3.362669229999999843e+00
3.258342269999999985e+00
2.982898000000000049e+00
2.371179099999999984e+00
2.382961030000000147e+00
2.618874069999999943e+00
2.960307840000000024e+00
2.877434969999999925e+00
3.068437579999999887e+00
2.711787220000000165e+00
3.097785000000000011e+00
3.136744980000000016e+00
3.034301999999999833e+00
3.033121110000000176e+00
3.434612270000000134e+00
3.412525420000000143e+00
2.325079919999999856e+00
2.935793879999999856e+00
4.862483019999999989e+00
4.598629469999999664e+00
4.156860349999999649e+00
5.192125800000000346e+00
4.459805969999999675e+00
5.454000950000000181e+00
5.963580130000000423e+00
4.625588419999999701e+00
4.133382799999999690e+00
5.410121919999999918e+00
6.081450939999999861e+00
4.566936970000000429e+00
5.336750030000000145e+00
5.854318140000000170e+00
4.588349339999999721e+00
5.298624990000000423e+00
6.295484540000000351e+00
5.413766859999999959e+00
4.220084670000000315e+00
3.220108989999999949e+00
2.859546180000000160e+00
2.489559170000000154e+00
3.135290860000000013e+00
3.469385620000000170e+00
2.816202880000000075e+00
3.112731460000000006e+00
3.160980939999999961e+00
3.027753829999999979e+00
5.207822799999999752e+00
3.296207190000000065e+00
3.300807480000000016e+00
2.841755870000000073e+00
3.182840350000000207e+00
4.188605309999999804e+00
4.349262239999999835e+00
3.752382990000000085e+00
5.141366960000000041e+00
6.087991709999999834e+00
5.096618649999999917e+00
3.969419960000000192e+00
3.084055900000000072e+00
3.204460379999999997e+00
2.600196599999999858e+00
2.990757939999999948e+00
3.151855470000000103e+00
3.350673909999999811e+00
3.016091349999999949e+00
3.099952220000000036e+00
3.256659270000000106e+00
3.046783449999999949e+00
2.449057339999999972e+00
3.349535700000000116e+00
3.104113340000000054e+00
3.192119359999999961e+00
3.016785619999999835e+00
3.658903839999999796e+00
3.384287829999999886e+00
2.755740400000000090e+00
5.589494229999999675e+00
5.088668349999999840e+00
4.453198910000000232e+00
5.912810799999999922e+00
5.877725120000000025e+00
5.708112719999999918e+00
5.781336310000000367e+00
7.110629559999999572e+00
6.981880659999999850e+00
5.893661500000000331e+00
6.246830939999999721e+00
6.804614540000000211e+00
4.388685230000000104e+00
4.743336199999999891e+00
4.983870030000000284e+00
4.851648329999999731e+00
5.043710710000000041e+00
4.550189500000000109e+00
4.891507630000000439e+00
4.255113119999999860e+00
3.957576040000000184e+00
4.530364989999999814e+00
4.849121570000000325e+00
4.289577959999999912e+00
3.873353719999999889e+00
3.553436989999999795e+00
3.751545670000000055e+00
3.768536570000000197e+00
4.114875320000000336e+00
4.506592750000000258e+00
5.023919580000000273e+00
2.898018360000000015e+00
2.916024209999999783e+00
3.237004279999999845e+00
2.862675669999999783e+00
2.727235320000000129e+00
3.168802020000000219e+00
2.857307200000000158e+00
3.234978910000000152e+00
3.035042760000000062e+00
2.778581379999999879e+00
3.063249830000000173e+00
2.570714469999999974e+00
2.985381359999999873e+00
3.055299279999999840e+00
3.035820010000000124e+00
2.611574650000000108e+00
2.356971259999999901e+00
2.977820159999999827e+00
3.004480120000000198e+00
3.426162479999999899e+00
3.787005189999999910e+00
4.571883680000000005e+00
4.483625889999999892e+00
5.288713930000000119e+00
6.252243520000000387e+00
4.864834789999999742e+00
2.896226640000000074e+00
2.749776600000000126e+00
3.838488819999999802e+00
4.762244700000000108e+00
4.157556529999999917e+00
4.811664099999999777e+00
3.152550939999999802e+00
2.670379640000000165e+00
2.811204669999999961e+00
3.035911800000000049e+00
2.881335260000000176e+00
2.692865129999999940e+00
2.870018720000000023e+00
3.162547110000000217e+00
3.258113380000000170e+00
2.997815370000000090e+00
2.773397679999999976e+00
2.818743469999999807e+00
2.702408549999999909e+00
3.070062880000000050e+00
2.927554610000000057e+00
3.065125940000000160e+00
2.978536370000000044e+00
2.781459569999999992e+00
3.327555659999999804e+00
2.871426580000000062e+00
3.713665250000000029e+00
3.331994299999999853e+00
5.013323780000000340e+00
5.034248350000000372e+00
4.673244949999999953e+00
4.902767660000000305e+00
4.687306399999999762e+00
4.692427640000000011e+00
4.549180980000000041e+00
4.032889840000000170e+00
5.242059710000000372e+00
5.742549900000000207e+00
5.193551539999999633e+00
2.677552219999999927e+00
4.832909110000000119e+00
3.467404129999999807e+00
3.913910149999999977e+00
4.200227260000000129e+00
3.366088630000000137e+00
2.861296890000000204e+00
3.051063779999999781e+00
2.941191200000000006e+00
2.724205260000000184e+00
3.166891810000000085e+00
2.419798609999999961e+00
3.357527489999999837e+00
2.888132099999999980e+00
2.976408960000000103e+00
2.618032930000000036e+00
3.017846819999999930e+00
3.285037040000000186e+00
3.009235139999999920e+00
3.427110429999999930e+00
3.373838189999999848e+00
3.290606980000000181e+00
4.255734440000000340e+00
5.308421609999999902e+00
3.978759999999999852e+00
4.216642860000000326e+00
5.109887600000000418e+00
4.478949069999999644e+00
5.282937529999999882e+00
5.729798319999999556e+00
4.275385380000000346e+00
4.233176229999999762e+00
4.405299190000000031e+00
3.759104250000000036e+00
4.496900560000000269e+00
4.781778339999999794e+00
4.864713189999999798e+00
4.644170279999999984e+00
5.099083900000000114e+00
4.458027359999999994e+00
4.223654269999999933e+00
4.132091520000000351e+00
3.869997500000000201e+00
4.464980599999999633e+00
4.341670040000000341e+00
4.557198999999999778e+00
4.482707979999999814e+00
4.370776649999999819e+00
4.143448349999999891e+00
4.614897730000000031e+00
5.936617369999999561e+00
4.520186899999999675e+00
5.862743380000000393e+00
5.100056170000000222e+00
4.996370319999999587e+00
3.605958460000000088e+00
3.613394500000000065e+00
3.928205970000000047e+00
4.819056029999999602e+00
4.723922729999999959e+00
4.131221290000000046e+00
3.984267469999999811e+00
4.533751009999999582e+00
5.410780429999999974e+00
5.105240349999999871e+00
4.171645640000000377e+00
4.716210369999999763e+00
5.482711319999999944e+00
4.185422899999999835e+00
3.750249859999999824e+00
5.618588919999999653e+00
4.765515330000000382e+00
4.395008090000000145e+00
4.466383930000000113e+00
4.439424510000000268e+00
4.520060540000000238e+00
4.640586380000000233e+00
2.758933540000000129e+00
2.712013479999999976e+00
3.226761339999999922e+00
3.078649759999999791e+00
2.927132369999999817e+00
2.847195389999999993e+00
3.371112109999999884e+00
3.005479810000000196e+00
3.142785790000000024e+00
2.665985109999999825e+00
3.599864010000000114e+00
2.978955029999999837e+00
3.514840130000000062e+00
2.799181700000000106e+00
3.443950179999999861e+00
3.060933349999999997e+00
3.370517249999999798e+00
3.315248969999999851e+00
3.451099399999999928e+00
3.439026119999999853e+00
3.320075510000000119e+00
2.817266699999999791e+00
3.032587050000000062e+00
2.847701069999999834e+00
2.672853710000000049e+00
2.871188159999999989e+00
2.916315790000000074e+00
3.080617189999999894e+00
2.921249630000000153e+00
3.060896399999999851e+00
2.859175679999999886e+00
3.197956319999999852e+00
3.323984380000000183e+00
3.515879630000000144e+00
2.884318589999999904e+00
2.808043720000000132e+00
3.940410850000000131e+00
2.993429659999999881e+00
3.791642669999999882e+00
5.033249379999999995e+00
5.242843149999999675e+00
4.047650339999999680e+00
4.257557389999999664e+00
4.828470229999999752e+00
4.598716740000000414e+00
4.738468169999999979e+00
4.843575000000000408e+00
4.892805100000000351e+00
3.921764140000000065e+00
4.194315910000000258e+00
4.945506100000000238e+00
4.654048920000000145e+00
4.928952220000000217e+00
5.341476919999999851e+00
4.700356010000000140e+00
5.418103689999999695e+00
4.712566849999999974e+00
4.665687079999999654e+00
4.741526129999999561e+00
4.215287209999999618e+00
4.716110709999999706e+00
4.506215570000000170e+00
4.487644669999999891e+00
4.471066000000000429e+00
5.238658430000000088e+00
4.762750630000000207e+00
3.885878799999999966e+00
4.579099659999999794e+00
4.442250249999999845e+00
4.211104390000000031e+00
5.591070649999999809e+00
4.747470380000000212e+00
5.204257010000000072e+00
5.027077669999999721e+00
5.475819109999999768e+00
4.316414830000000258e+00
2.711053849999999876e+00
2.653748269999999909e+00
2.902719020000000150e+00
3.280937910000000013e+00
4.788132189999999788e+00
6.255656240000000423e+00
7.201428889999999861e+00
6.204348089999999871e+00
5.717282769999999736e+00
7.038196560000000268e+00
7.559558870000000042e+00
4.369633199999999995e+00
4.341084000000000387e+00
4.768844129999999737e+00
4.541987899999999634e+00
3.992054700000000178e+00
5.080295089999999902e+00
4.709511759999999825e+00
4.967954640000000310e+00
4.243745800000000123e+00
4.010321140000000284e+00
4.347266669999999777e+00
4.464763160000000397e+00
7.097177509999999856e+00
7.582581519999999742e+00
5.504198549999999912e+00
4.780075069999999648e+00
5.044328690000000393e+00
4.480727199999999577e+00
4.105728629999999768e+00
3.963751080000000204e+00
4.686896800000000418e+00
3.645821329999999971e+00
3.468616719999999987e+00
3.950550080000000186e+00
4.799279209999999907e+00
4.437347410000000103e+00
4.523937229999999587e+00
4.314794540000000289e+00
4.623816490000000279e+00
6.524460790000000010e+00
5.767639159999999876e+00
5.978250980000000325e+00
3.949419020000000113e+00
4.422390939999999659e+00
4.794809339999999587e+00
4.682967190000000279e+00
4.780573369999999933e+00
3.850576639999999884e+00
4.234681130000000238e+00
4.871878620000000382e+00
5.156298640000000155e+00
4.495797160000000403e+00
5.191855910000000129e+00
4.993936060000000232e+00
5.144450189999999701e+00
4.754079820000000289e+00
4.855036740000000073e+00
4.289069180000000259e+00
4.525751589999999602e+00
4.759408470000000335e+00
4.504510400000000025e+00
5.007527829999999902e+00
4.740304949999999629e+00
4.182084559999999840e+00
5.593223570000000144e+00
4.750054839999999778e+00
4.874759670000000433e+00
4.415469650000000357e+00
4.314384940000000057e+00
4.325208189999999675e+00
6.146168710000000424e+00
4.691148759999999918e+00
4.932564260000000367e+00
5.294773580000000202e+00
2.928722140000000085e+00
2.560898299999999850e+00
2.754126789999999936e+00
2.626726150000000093e+00
3.231110099999999985e+00
2.963329550000000090e+00
2.457172869999999953e+00
2.751312260000000176e+00
2.612969640000000204e+00
2.762354849999999917e+00
4.830346109999999804e+00
4.170732499999999732e+00
4.186603550000000062e+00
2.744247200000000220e+00
3.219456909999999894e+00
3.130829809999999824e+00
3.071772339999999879e+00
3.046916250000000215e+00
2.527133940000000134e+00
3.307049989999999884e+00
3.150934930000000023e+00
2.948576689999999889e+00
3.209823130000000191e+00
3.241975309999999943e+00
2.541376590000000046e+00
3.161089179999999832e+00
2.899464850000000204e+00
2.609097000000000222e+00
3.085364820000000119e+00
4.103082180000000356e+00
4.076045510000000149e+00
4.418892859999999700e+00
4.430469510000000000e+00
4.368360039999999778e+00
4.161756040000000212e+00
4.258703230000000062e+00
4.380083080000000351e+00
4.547815319999999772e+00
2.900792599999999943e+00
3.249150989999999961e+00
2.931922199999999812e+00
3.198887590000000003e+00
2.743611099999999858e+00
3.082416530000000154e+00
3.333004949999999855e+00
2.732784269999999793e+00
2.015069009999999938e+00
3.003648520000000044e+00
3.069675919999999891e+00
2.945060010000000172e+00
2.491864440000000069e+00
3.266773940000000209e+00
3.330418110000000098e+00
3.016782280000000149e+00
2.682241439999999866e+00
3.030514240000000026e+00
3.188118929999999906e+00
3.019352200000000153e+00
3.234112500000000168e+00
3.586004500000000039e+00
5.616129879999999908e+00
5.913927560000000305e+00
5.508888240000000103e+00
5.237034320000000243e+00
5.686982630000000150e+00
4.686715600000000315e+00
5.416878699999999824e+00
5.704197879999999721e+00
5.719810490000000414e+00
5.120326999999999629e+00
4.608220099999999597e+00
4.847111700000000134e+00
5.042872430000000072e+00
5.599617959999999783e+00
5.172597889999999587e+00
4.614594939999999923e+00
5.521827219999999592e+00
4.715646740000000392e+00
5.247565749999999696e+00
5.235537530000000217e+00
4.708441259999999851e+00
5.346255779999999902e+00
5.046694279999999644e+00
4.876566890000000321e+00
4.836873050000000340e+00
5.135076050000000336e+00
4.879539010000000232e+00
4.011248110000000366e+00
5.097609040000000036e+00
5.735517980000000016e+00
4.924630640000000170e+00
4.521653180000000383e+00
5.343183040000000439e+00
5.210417750000000403e+00
4.156696320000000000e+00
5.386104109999999778e+00
5.786791799999999597e+00
5.513416290000000330e+00
4.375261779999999767e+00
5.957541939999999592e+00
5.222229959999999949e+00
5.310609819999999814e+00
5.500893119999999747e+00
5.594829559999999979e+00
5.317388529999999669e+00
4.626927850000000397e+00
5.488955970000000129e+00
5.286378380000000377e+00
5.208575249999999990e+00
5.236586570000000052e+00
4.859887600000000418e+00
4.543249610000000160e+00
5.698319910000000377e+00
5.119656090000000326e+00
4.654902459999999742e+00
4.192633149999999809e+00
4.294069770000000119e+00
3.749369619999999959e+00
4.501931189999999638e+00
4.736923690000000242e+00
4.160250190000000181e+00
4.244182590000000310e+00
5.558506490000000078e+00
5.784986019999999840e+00
4.295585629999999711e+00
5.608395579999999825e+00
5.845247269999999773e+00
4.840004440000000407e+00
4.431028839999999747e+00
4.746167179999999597e+00
4.902092930000000237e+00
5.317923069999999974e+00
5.668650150000000387e+00
6.276004790000000000e+00
5.659586430000000057e+00
5.497689720000000335e+00
2.877273559999999897e+00
2.764654399999999956e+00
3.069626570000000054e+00
3.420479770000000030e+00
3.572580100000000147e+00
3.162579769999999790e+00
3.537185909999999822e+00
3.196578500000000211e+00
3.262585880000000049e+00
3.306567670000000181e+00
2.957430599999999909e+00
4.358196259999999711e+00
4.320756910000000062e+00
3.030826569999999887e+00
2.976140739999999951e+00
5.205339910000000181e+00
4.011795039999999979e+00
3.165135149999999786e+00
3.968203309999999817e+00
3.552312140000000174e+00
3.883892299999999853e+00
5.377096650000000366e+00
4.494152070000000165e+00
5.230545519999999726e+00
5.435158249999999747e+00
4.727756499999999917e+00
6.274662489999999870e+00
4.634574889999999669e+00
4.049355030000000077e+00
5.187698359999999731e+00
4.757661820000000041e+00
4.962035659999999737e+00
5.131133079999999680e+00
4.598007199999999628e+00
4.500067229999999974e+00
5.829965109999999839e+00
5.087718009999999680e+00
5.538282869999999747e+00
5.679597379999999696e+00
5.962066649999999690e+00
5.389993669999999959e+00
4.871198650000000185e+00
5.468626020000000310e+00
5.353289130000000284e+00
5.263699530000000237e+00
4.144465450000000217e+00
4.520323750000000196e+00
5.757874969999999593e+00
5.334620000000000140e+00
5.977119919999999809e+00
4.409286019999999695e+00
5.673771379999999809e+00
5.028643609999999597e+00
4.372486109999999648e+00
3.983364579999999933e+00
2.742284539999999993e+00
2.940290450000000000e+00
4.774779800000000130e+00
5.915424820000000139e+00
4.271593089999999648e+00
5.249084950000000305e+00
4.498469830000000336e+00
4.041758060000000263e+00
4.084837440000000264e+00
4.326628679999999783e+00
3.455026629999999876e+00
2.435275789999999940e+00
3.506398200000000021e+00
3.238669869999999840e+00
3.288072109999999881e+00
3.363347290000000100e+00
3.880012989999999995e+00
3.037708519999999801e+00
2.450658080000000183e+00
2.501625300000000163e+00
2.438791989999999910e+00
3.284430980000000222e+00
3.156833170000000077e+00
3.078882689999999922e+00
2.748870849999999866e+00
3.207784409999999919e+00
2.421116109999999821e+00
2.558166980000000201e+00
2.956936119999999946e+00
2.846134419999999832e+00
2.861641169999999956e+00
2.597900150000000075e+00
3.256651399999999974e+00
3.026183370000000039e+00
2.719946150000000173e+00
2.721674440000000139e+00
2.479738000000000220e+00
3.182284360000000145e+00
3.138727429999999874e+00
2.995013240000000021e+00
2.604549650000000049e+00
2.468158009999999791e+00
2.953779939999999993e+00
2.762048479999999806e+00
2.969845289999999860e+00
2.633647680000000157e+00
2.487313030000000147e+00
3.002831459999999897e+00
3.277864929999999788e+00
2.614935399999999799e+00
2.862267489999999803e+00
3.534262660000000000e+00
4.239081380000000010e+00
2.915391679999999930e+00
2.452836280000000091e+00
3.989855289999999943e+00
2.538444039999999902e+00
3.079258920000000010e+00
3.298759219999999992e+00
3.583646059999999967e+00
3.105253929999999940e+00
2.765407559999999876e+00
3.016983269999999884e+00
2.971091270000000062e+00
2.813503270000000001e+00
3.096921440000000025e+00
3.072542429999999936e+00
2.900428769999999989e+00
2.949597119999999961e+00
1.935306310000000085e+00
2.384852889999999892e+00
2.448143720000000023e+00
3.221501350000000041e+00
2.337033030000000178e+00
3.147329089999999940e+00
2.841037749999999917e+00
2.980215069999999855e+00
2.905803919999999874e+00
3.101302860000000106e+00
2.980873110000000104e+00
3.127777809999999992e+00
3.499984029999999802e+00
2.937343119999999974e+00
2.918233869999999897e+00
2.885742430000000081e+00
2.891157629999999923e+00
4.543250079999999969e+00
2.717597720000000106e+00
3.196455240000000142e+00
2.759203910000000093e+00
2.744465350000000026e+00
2.646320579999999811e+00
2.700374130000000150e+00
2.862915280000000173e+00
3.208487030000000129e+00
2.873759029999999992e+00
2.694528819999999936e+00
4.357106210000000424e+00
3.977400779999999969e+00
5.030664439999999793e+00
5.256129740000000439e+00
4.521688939999999768e+00
4.571408270000000051e+00
4.095478059999999587e+00
3.952539680000000111e+00
4.163482189999999861e+00
4.017221450000000083e+00
4.709905149999999985e+00
4.818446159999999701e+00
5.165591720000000109e+00
5.138147349999999669e+00
4.489342210000000222e+00
4.308699129999999933e+00
3.797218800000000005e+00
4.322325710000000321e+00
3.721941709999999848e+00
4.529293059999999649e+00
3.809006689999999917e+00
3.654231549999999995e+00
5.308245180000000119e+00
4.462664130000000284e+00
4.492286209999999613e+00
4.388731479999999685e+00
4.656369210000000258e+00
4.256407259999999582e+00
5.272994999999999877e+00
4.064186099999999691e+00
4.478102680000000113e+00
4.629446030000000434e+00
4.003673550000000247e+00
3.328324079999999796e+00
4.140508170000000376e+00
3.574472670000000019e+00
5.359209060000000413e+00
4.466380599999999923e+00
3.796133520000000150e+00
4.740949149999999612e+00
5.491687770000000413e+00
4.661398410000000325e+00
4.470217230000000264e+00
4.744832989999999917e+00
4.258472919999999995e+00
4.383789059999999793e+00
3.990864520000000137e+00
4.421239380000000274e+00
4.903643129999999850e+00
4.848925590000000341e+00
4.637784479999999654e+00
5.142074580000000061e+00
4.114436630000000150e+00
4.813228610000000351e+00
4.992412569999999938e+00
4.647091389999999933e+00
4.663184170000000073e+00
5.871783729999999757e+00
6.488837239999999618e+00
5.715355869999999783e+00
5.345831869999999597e+00
6.151041979999999576e+00
5.883208269999999906e+00
4.537674430000000037e+00
4.428484919999999825e+00
4.380606170000000077e+00
4.324360369999999953e+00
4.568172449999999607e+00
4.377917290000000072e+00
4.132269380000000325e+00
4.457861900000000155e+00
4.497914309999999638e+00
4.550185680000000232e+00
4.550881389999999804e+00
4.762299539999999887e+00
5.498145580000000088e+00
5.352849479999999716e+00
4.733216760000000356e+00
4.006422999999999845e+00
4.359061719999999696e+00
4.100465769999999566e+00
3.741955040000000121e+00
5.017475609999999975e+00
5.098924160000000150e+00
5.151187900000000042e+00
4.090712070000000367e+00
4.349689009999999634e+00
6.185131550000000367e+00
8.328711509999999762e+00
6.396779539999999820e+00
7.091387749999999990e+00
5.139700409999999664e+00
3.752949479999999838e+00
4.507261279999999815e+00
5.315863130000000325e+00
4.245182040000000434e+00
4.472771169999999685e+00
5.632022860000000186e+00
3.827746149999999847e+00
4.033508300000000268e+00
3.992213730000000016e+00
4.386594299999999613e+00
4.396668430000000072e+00
4.564594750000000367e+00
4.858838079999999948e+00
4.437802790000000108e+00
4.009752269999999896e+00
4.943985940000000134e+00
4.529158589999999762e+00
5.220160479999999659e+00
4.952343459999999808e+00
5.982004640000000428e+00
4.925423620000000113e+00
4.221681120000000398e+00
3.498869659999999993e+00
4.436408519999999633e+00
4.550013070000000326e+00
4.376393799999999779e+00
4.018376830000000233e+00
4.249825480000000155e+00
4.617047310000000238e+00
5.179055209999999576e+00
4.948996069999999747e+00
3.226048710000000153e+00
2.781383990000000139e+00
3.603701590000000010e+00
2.956032040000000194e+00
3.080846310000000088e+00
3.643872739999999943e+00
3.338086130000000207e+00
2.767345189999999899e+00
2.856870409999999971e+00
3.088137389999999982e+00
2.889887569999999961e+00
3.106394289999999891e+00
2.941258190000000106e+00
2.646911620000000021e+00
3.160585170000000055e+00
3.059247969999999928e+00
2.472529649999999801e+00
2.638675450000000033e+00
3.339535240000000016e+00
3.141742230000000191e+00
3.300942179999999837e+00
3.315567259999999905e+00
2.732434270000000165e+00
3.051635500000000167e+00
3.081916089999999997e+00
3.122373340000000219e+00
3.558055159999999884e+00
3.419049020000000105e+00
4.581111429999999984e+00
2.848035809999999834e+00
3.362453219999999909e+00
4.822376249999999587e+00
4.798201080000000118e+00
4.536589150000000181e+00
3.883684870000000178e+00
3.730703590000000069e+00
3.637278320000000065e+00
3.093301059999999936e+00
2.562617780000000067e+00
2.990391250000000056e+00
2.478513720000000031e+00
3.398911239999999889e+00
2.986152409999999868e+00
3.018622399999999928e+00
2.828675749999999933e+00
4.087602620000000186e+00
3.210637090000000082e+00
2.695197579999999871e+00
4.017176629999999804e+00
2.683543209999999846e+00
3.812153340000000057e+00
3.786531450000000021e+00
2.973314760000000057e+00
3.355862619999999907e+00
