4.807683300475426336e+01
4.796153687460221704e+01
4.852881582626208967e+01
4.872878698334034198e+01
4.897087738393869927e+01
4.892566433334848597e+01
4.864549567344956671e+01
4.816194438100013997e+01
4.935235796964524013e+01
4.687600662776071658e+01
4.761253297027788989e+01
4.764545680430688890e+01
4.844989581288905356e+01
4.783954972775821091e+01
4.754490084704126929e+01
4.787779701942559996e+01
4.832268163588958032e+01
4.718695371929564431e+01
4.873816963671746549e+01
4.912542851872792227e+01
4.787301374874960658e+01
4.812877770332175942e+01
4.749281322356582535e+01
4.796681883926581946e+01
4.770111508980639314e+01
4.773762311809170455e+01
4.795326910115825569e+01
4.649376587407822115e+01
4.773951812034536601e+01
4.866663335298348869e+01
4.835566325007036426e+01
4.915566410872391145e+01
4.835269154197403196e+01
4.783214582171594742e+01
4.820425692443573951e+01
4.765436917643830839e+01
4.637698635422670179e+01
4.658564056346249771e+01
4.666165535684064025e+01
4.700549358931273503e+01
4.621693205710115393e+01
4.658384317383097795e+01
4.669781034306205925e+01
4.669262448631826601e+01
4.570345366631026707e+01
4.828523241320678494e+01
4.780253703132568432e+01
4.641509908343742552e+01
4.692695494414780910e+01
4.662934229404910980e+01
4.755665447373363719e+01
4.642676032083129201e+01
4.661847601687775722e+01
4.723829951642375136e+01
4.620044871479369419e+01
4.671056388442771379e+01
4.666967881655585870e+01
4.681256930132761340e+01
4.723802656695730917e+01
4.681854211300891677e+01
4.639195455521731049e+01
4.771676665010542706e+01
4.686743146283681227e+01
4.666294589115171476e+01
4.839227609956859055e+01
4.900553767596946386e+01
4.889847667169596690e+01
4.752279678034805954e+01
4.685270797436844958e+01
4.701350977501462580e+01
4.569946991386233748e+01
4.704401705485694407e+01
4.685836364805234666e+01
4.606336822800825104e+01
4.626256592572701010e+01
4.723416919648676071e+01
4.775839361833504171e+01
4.762316268616293513e+01
4.602235480786676902e+01
4.578262104874751515e+01
4.572837320341307787e+01
4.540105654965434923e+01
4.531135241058612451e+01
4.564744823521021289e+01
4.650286150102872540e+01
4.644348446353616566e+01
4.658059660871415275e+01
4.685598633080032016e+01
4.692279127745731415e+01
4.694832487717429359e+01
4.739036881249688804e+01
4.666681313819918842e+01
4.717303037589399395e+01
4.735733145908668718e+01
4.796143866161882841e+01
4.732532327060279442e+01
4.746893605284315498e+01
4.688574375508720493e+01
4.762947200053366004e+01
4.803947563787392738e+01
4.739283020015117387e+01
4.693947853378828228e+01
4.744261333775720857e+01
4.683832967059978358e+01
4.715892151183473402e+01
4.674879127315714555e+01
4.642643503126265614e+01
4.802325183764413907e+01
4.783551469987984461e+01
4.689190297511915162e+01
4.801656702140842015e+01
4.722517749503633411e+01
4.692774235788632353e+01
4.677137596835832056e+01
4.655872975510180112e+01
4.794628591741184209e+01
4.795456559082051484e+01
4.789713037233947546e+01
4.673906996382785906e+01
4.672132905801523606e+01
4.708290247291321862e+01
4.939919212969426354e+01
4.761008391569048825e+01
4.854112081333180839e+01
4.791915274458185081e+01
4.760036668686673522e+01
4.872597278453542202e+01
4.685904910859491679e+01
4.814668717802811670e+01
4.651014748300299573e+01
4.685991809575276079e+01
4.670311068394158838e+01
4.753973431053869092e+01
4.745056791964193366e+01
4.668519276283665675e+01
4.741893648184150578e+01
4.740613158324978826e+01
4.817607433196594968e+01
4.913280585639009246e+01
4.957706749995715967e+01
4.826008997692343172e+01
4.918358460128800402e+01
4.894291549694416688e+01
4.815454969195317858e+01
4.918247276156186842e+01
4.973556225400255215e+01
4.905012806636455025e+01
4.784182197493865374e+01
4.784142790333719830e+01
4.835000851583615855e+01
4.799844182554095084e+01
4.832879670522854809e+01
4.832404023788121350e+01
4.815067093838267454e+01
4.727118984092369658e+01
4.853280476076078997e+01
4.828561730384637229e+01
4.859163312549879521e+01
4.803008032194122023e+01
4.729375759507560417e+01
4.787733939807190353e+01
4.857351761797415435e+01
4.696444005582556258e+01
4.696047371384898383e+01
4.729406120415783477e+01
4.789981319826672035e+01
4.754966170077099719e+01
4.716239511475522761e+01
4.791109581437520859e+01
4.795356578747414034e+01
4.782441717215071719e+01
4.841144125547700128e+01
4.825734766512308482e+01
4.879096150461693071e+01
4.808651529330531815e+01
4.762433654119148940e+01
4.719551769173353506e+01
4.685425260033928652e+01
4.760065343362339974e+01
4.810914064605081109e+01
4.904509884967994537e+01
4.700155441395776279e+01
4.886609773928299916e+01
4.854591614669960364e+01
4.712600160115697179e+01
4.643910038167274479e+01
4.712943392070917525e+01
4.735758009866649587e+01
4.659546058420649928e+01
4.673414460519989433e+01
4.848498266788872257e+01
4.679977374395742373e+01
4.758604872109802386e+01
4.786659889930339062e+01
4.796687832093557802e+01
4.772403621247356398e+01
4.634680654883716500e+01
4.633330006849408278e+01
4.612506961160199381e+01
4.662108974061059996e+01
4.669432595496261484e+01
4.711736828839056557e+01
4.791051189591876636e+01
4.747512661524471156e+01
4.842747268575527642e+01
4.840439170225983645e+01
4.946303730162078693e+01
4.784983122441713732e+01
4.798503709031188436e+01
4.803607612412920247e+01
4.850964997589939287e+01
4.795731912684257026e+01
4.826136370246079821e+01
4.848356081118422622e+01
4.845568730481581809e+01
4.719771488673393378e+01
4.802570742427727879e+01
4.766442256950428913e+01
4.733671272832039278e+01
4.684287424883419959e+01
4.776407430876875537e+01
4.708977268808202865e+01
4.841070300775502488e+01
4.687693434733408537e+01
4.762677919352315570e+01
4.690391525855174848e+01
4.692457195941207715e+01
4.805303481025131873e+01
4.837202356494268685e+01
4.727328827397295896e+01
4.707315486334569954e+01
4.771374769755718859e+01
4.793519077046892818e+01
4.867517763097772132e+01
4.730302234552245721e+01
4.849518092031242844e+01
4.860011276076694031e+01
4.793955887396234061e+01
4.793045272907323806e+01
4.770835823447431068e+01
4.855879025498911261e+01
4.831049402593946951e+01
4.853394323581385095e+01
4.806173563386224856e+01
4.786813190572340915e+01
4.694295951984295101e+01
4.810140474658662413e+01
4.754953835531751594e+01
4.731166239683781072e+01
4.714701636565806098e+01
4.737319135271835790e+01
4.776993852274987518e+01
4.833547427149302678e+01
4.725211837821888139e+01
4.819405922522361863e+01
4.717092350518775135e+01
4.723963694858472451e+01
4.787505135115321764e+01
4.795860409374163424e+01
4.723408641008604292e+01
4.691931561927101768e+01
4.781280196985211006e+01
4.731411493468950624e+01
4.711842056652679389e+01
4.665283635748267699e+01
4.873413223346053513e+01
4.793639808123696611e+01
4.983883711040294884e+01
4.887406189688154257e+01
4.756531724974849595e+01
4.696187295813831497e+01
4.781889212616928120e+01
4.819635678500360854e+01
4.775274799709869455e+01
4.757936948144102729e+01
4.822183944689727042e+01
4.717899687516106155e+01
4.796499286642444559e+01
4.787968049322521580e+01
4.766319599243978899e+01
4.855684396062797248e+01
4.903431849857300051e+01
4.833857187061521898e+01
4.910949910079384040e+01
4.831657290787805437e+01
4.738806799635317901e+01
4.719127423815089628e+01
4.725334884048733386e+01
4.752772779706459261e+01
4.780189064807888144e+01
4.760383647672799867e+01
4.748973742183125779e+01
4.727509462144713126e+01
4.716129302797948242e+01
4.773039701146394265e+01
4.863895127192957801e+01
4.882956072054729901e+01
4.904032416305246755e+01
4.822451383627964105e+01
4.878621251423651728e+01
4.917372917804788557e+01
4.838393955618764863e+01
4.837686041647527446e+01
4.807690762376297045e+01
4.795740924296396912e+01
4.846787183014055245e+01
4.829053231122357204e+01
4.805100236140097536e+01
4.747004636412277989e+01
4.813610648067155040e+01
4.806199996791708173e+01
4.739399209666292023e+01
4.738583321414396465e+01
4.706663994930169537e+01
4.756532133139820928e+01
4.783775535073827712e+01
4.705445997958697291e+01
4.719338690903831690e+01
4.707946934964608943e+01
4.758847241392646055e+01
4.711888310508096822e+01
4.726996383985122208e+01
4.624047291425096518e+01
4.610020992916388849e+01
4.823700245580175761e+01
4.808145845338819413e+01
4.751251694173635798e+01
4.722246255258269088e+01
4.828242914653210960e+01
4.858066929514146892e+01
4.815950375697101293e+01
4.744556084515952676e+01
4.792277183929885354e+01
4.688564129108586798e+01
4.824864856799766244e+01
4.737126472674194133e+01
4.658636213858321184e+01
4.709248395134068232e+01
4.734824773543487453e+01
4.723442139547745455e+01
4.800224796598298838e+01
4.753945093489185325e+01
4.769650934401417430e+01
4.829542289317191717e+01
4.886230445710653214e+01
4.834834324044201992e+01
4.882262996099126440e+01
4.849700536392930417e+01
4.753576918577873300e+01
4.838069007141754696e+01
4.943755560307998564e+01
4.807293486416422468e+01
4.793889543012068089e+01
4.788326310741103242e+01
4.770996025531229634e+01
4.797583064651504259e+01
4.793259327251983137e+01
4.847100893944112698e+01
4.728038691492691470e+01
4.720987035212184679e+01
4.667343143074674572e+01
4.832356165600709375e+01
4.820307629432599583e+01
4.836622291228547255e+01
4.828228684072098531e+01
4.842208944968490414e+01
4.753198380853977767e+01
4.821453256659376052e+01
4.869851944249784026e+01
4.747645395606949847e+01
4.835259490757579925e+01
4.843434819425371529e+01
4.793187978105351021e+01
4.724944986782877976e+01
4.814932916615052250e+01
4.667166494913921326e+01
4.833112392465795892e+01
4.626955387303909362e+01
4.709758479576334622e+01
4.756977299664329450e+01
4.665322102005214333e+01
4.818911425001409299e+01
4.776679367072869553e+01
4.821662002549339121e+01
4.589940220769793200e+01
4.641554228880072230e+01
4.722352761625926831e+01
4.711523528458253907e+01
4.736406029230821702e+01
4.674068568756043618e+01
4.799129856155549589e+01
4.727498052303318588e+01
4.662364492436024221e+01
4.738025042361572048e+01
4.737522439680370923e+01
4.786552062147719511e+01
4.702954052679698549e+01
4.805040921600910764e+01
4.809305459631864466e+01
4.794994409071291841e+01
4.726827103232168525e+01
4.928341131513902695e+01
4.704122530964655624e+01
4.802555664662867940e+01
4.801437004889189097e+01
4.879788857296800586e+01
4.861189829036533183e+01
4.907336045905635302e+01
4.870008457285321413e+01
4.865927817918151987e+01
4.758919496879308753e+01
4.727949895837868155e+01
4.674608234995478995e+01
4.755337542351985292e+01
4.727906893466984428e+01
4.782929287238276572e+01
4.797464350722048465e+01
4.763947290497616649e+01
4.704982888051445400e+01
4.736684966937780672e+01
4.778481324174625655e+01
4.852446621007259608e+01
4.741921213383911748e+01
4.739805143551362931e+01
4.755522784807994441e+01
4.772724491801238855e+01
4.806314333135389916e+01
4.728197792955639756e+01
4.690733988526542930e+01
4.815123887745283326e+01
4.759001417864841699e+01
4.777254694676998525e+01
4.730119462335571967e+01
4.711028595130854768e+01
4.684601033619062349e+01
4.782253239201651240e+01
4.766697121188460784e+01
4.775233786600445995e+01
4.716070572495885926e+01
4.686703035801534867e+01
4.694983866850302689e+01
4.630515171621386372e+01
4.705101900807841986e+01
4.714221396176630208e+01
4.805257189374213311e+01
4.735606638085189957e+01
4.738397022001767311e+01
4.789915370705707431e+01
4.801318112044071285e+01
4.766528783091656152e+01
4.793557873641851330e+01
4.799456246179211405e+01
4.854760777560429830e+01
4.891310314766969469e+01
4.737981207983618503e+01
4.748232194470764966e+01
4.758703741129033915e+01
4.825354879566933164e+01
4.780063347361042503e+01
4.753834077874859076e+01
4.795398212714211184e+01
4.865424439357836661e+01
4.735346778592874983e+01
4.750972036658482978e+01
4.773477231827484957e+01
4.739347434382031565e+01
4.925373195615078004e+01
4.838003602768230849e+01
4.785443873714524443e+01
4.802605085624991688e+01
4.795434070013187267e+01
4.814164746710955001e+01
4.726635471533360544e+01
4.873672274104037427e+01
4.721618341288296961e+01
4.822714047722647734e+01
4.777124261335682576e+01
4.850509869556033493e+01
4.852333935894244377e+01
4.772837820828548416e+01
4.727680269436108063e+01
4.730727650821822294e+01
4.754141317801564526e+01
4.833766126417048525e+01
4.789743857267557559e+01
4.750760478639720930e+01
4.727328875092982230e+01
4.816680880722152125e+01
4.828252007020544312e+01
4.865517392434501431e+01
4.710414666662030925e+01
4.672709987687896671e+01
4.681950612236821740e+01
4.766161647289278136e+01
4.673952134593769614e+01
4.731877250685636938e+01
4.675902750250636331e+01
4.838979064384468387e+01
4.797004790568966115e+01
4.768464833130041569e+01
4.691302210600186839e+01
4.747651595065700292e+01
4.731471356388994565e+01
4.779207262661550004e+01
4.764565240319220862e+01
4.772520258242652602e+01
4.807450532065863058e+01
4.784050930450425199e+01
4.766986864149469483e+01
4.652695025555052410e+01
4.738429077650087606e+01
4.631071375882763164e+01
4.686231107795462236e+01
4.738351323274081750e+01
4.707393227122728518e+01
4.779672775138826069e+01
4.696818958538296584e+01
4.780764077974628634e+01
4.730410125017066747e+01
4.774201302557754900e+01
4.728615288380426307e+01
4.760689392116746177e+01
4.803991219774250254e+01
4.707261979859622159e+01
4.753287637279706246e+01
4.784055140772073145e+01
4.787789874819672065e+01
4.775238377854596905e+01
4.748540845602217075e+01
4.800233950428401641e+01
4.788907907920332008e+01
4.673975169120999595e+01
4.737138313742721607e+01
4.803158243442927500e+01
4.700313254686413700e+01
4.751159417009719732e+01
4.677260648854284142e+01
4.666093699894476288e+01
4.725935176607129051e+01
4.647720472253296009e+01
4.686955600148422718e+01
4.718862292374974743e+01
4.686479568231311532e+01
4.736780009586505713e+01
4.747030734096912141e+01
4.684029630793685328e+01
4.707357600880579440e+01
4.729464835225327590e+01
4.633962435577856809e+01
4.742023260958386999e+01
4.702389671231966162e+01
4.741946908243469494e+01
4.681886907305797507e+01
4.660418369886162537e+01
4.732131065029936678e+01
4.638097217857106358e+01
4.673904746262866183e+01
4.748712221135228617e+01
4.762118603045258425e+01
4.678836748310938276e+01
4.775528520552098399e+01
4.739631869034959522e+01
4.804739391002143378e+01
4.860749222217603460e+01
4.796116978473054360e+01
4.787399965445949590e+01
4.794856906743829938e+01
4.801128478970514379e+01
4.659330403935182829e+01
4.680518058657628444e+01
4.720597742825463428e+01
4.805517473478465007e+01
4.771266761162549130e+01
4.743929484148024756e+01
4.719041068430836106e+01
4.710141306676545980e+01
4.770910682729913788e+01
4.674002672426755822e+01
4.706521611437789687e+01
4.756475454338884390e+01
4.717960100955507841e+01
4.712061607300584853e+01
4.743496254225129860e+01
4.719068026872513144e+01
4.795736551345392940e+01
4.739876071541831948e+01
4.742522740308347551e+01
4.814603691435946331e+01
4.760958030345648950e+01
4.759865469103974078e+01
4.732761379034086957e+01
4.729891993703755304e+01
4.752659452023897302e+01
4.704545079697247445e+01
4.803745473811301281e+01
4.756027679677406894e+01
4.748151573786950053e+01
4.789488647227477003e+01
4.725767757085164789e+01
4.758191534159992386e+01
4.821190671565611297e+01
4.652318383804644952e+01
4.718810773484406695e+01
4.678079894472442390e+01
4.752293639141161208e+01
4.697744867502429855e+01
4.727789571885590902e+01
4.651409340024412131e+01
4.791915371024207104e+01
4.752789346590386543e+01
4.666905811680811667e+01
4.799226475529504654e+01
4.751424494087678596e+01
4.764939441370960083e+01
4.763627168377161070e+01
4.727252746492617064e+01
4.801319755249542709e+01
4.811420830322049369e+01
4.758622564609439110e+01
4.833699797737710213e+01
4.857474034098976290e+01
4.824481243026798438e+01
4.847916283556212136e+01
4.830290463112964261e+01
4.771495141305153709e+01
4.802372985473740385e+01
4.807769401755913918e+01
4.805518677002091721e+01
4.878274713078953084e+01
4.749418162277147104e+01
4.792558863397307078e+01
4.819355811525031186e+01
4.651046638351832740e+01
4.702043714353119697e+01
4.687015887645009826e+01
4.854316845355040755e+01
4.767860998897837987e+01
4.713886837173179600e+01
4.734478240161374174e+01
4.661627477088447336e+01
4.736327081612250822e+01
4.789839264657130258e+01
4.797567597409015860e+01
4.796056395801961969e+01
4.743408364430829494e+01
4.710080191934942917e+01
4.780708745126276682e+01
4.847079300156524084e+01
4.767671997588863775e+01
4.761732213254770585e+01
4.746114384609350623e+01
4.793722037883711096e+01
4.799581309077999691e+01
4.724646805947755723e+01
4.725606501181566443e+01
4.749010472988555165e+01
4.780437762244912392e+01
4.805289637689152471e+01
4.802137473263547918e+01
4.762097368686431054e+01
4.755442152727649585e+01
4.702124307872060172e+01
4.718877768111875071e+01
4.729297873175222833e+01
4.767170496220436604e+01
4.736806638405028025e+01
4.743456329936223170e+01
4.644901762626911079e+01
4.727053323355189463e+01
4.683978716341488280e+01
4.758179616282393454e+01
4.795472702172686752e+01
4.912022520080130761e+01
4.830967518307767961e+01
4.725007794497092561e+01
4.729954152106614629e+01
4.651558958703571989e+01
4.710175851520043011e+01
4.746085903685048635e+01
4.622734745099919706e+01
4.739007169054116986e+01
4.810605846852291023e+01
4.685390193504755985e+01
4.644305161400202309e+01
4.779229563863178498e+01
4.772542152151513051e+01
4.619440985092688834e+01
4.646496444904527579e+01
4.757547354574184340e+01
4.577176157957593716e+01
4.669976153144734354e+01
4.580348400948928855e+01
4.693990137871128354e+01
4.566902993304894665e+01
4.644116253562339836e+01
4.702338695654914602e+01
4.785633422904154344e+01
4.740565122497301331e+01
4.655222009234821456e+01
4.740099806391938841e+01
4.648782866391888291e+01
4.647175595095500000e+01
4.680949485511605701e+01
4.607157548633180255e+01
4.621017832483194354e+01
4.667262227672817687e+01
4.637316871195174173e+01
4.637302338824777337e+01
4.561608452610424536e+01
4.587252695981964479e+01
4.581057790238080685e+01
4.599907123298698508e+01
4.557272216738618908e+01
4.552668093568730967e+01
4.688663178394804731e+01
4.593411769020404734e+01
4.575624775531080246e+01
4.577942094730111222e+01
4.706809774542771407e+01
4.670606535304116846e+01
4.651132094746510148e+01
4.697127845846240746e+01
4.553504480202202842e+01
4.623154800906718265e+01
4.674771900057215390e+01
4.654079554638558136e+01
4.701148440316261201e+01
4.708476327026417607e+01
4.659174129805368381e+01
4.727029273917936791e+01
4.709662331076793862e+01
4.666143109714345627e+01
4.540834888878736564e+01
4.558272804525599042e+01
4.603392407638342121e+01
4.685974619275206976e+01
4.703793840384531677e+01
4.701918753867791878e+01
4.665375136665270617e+01
4.618429251468975139e+01
4.708619314927901200e+01
4.787541842220298349e+01
4.721812800087239737e+01
4.753667731340611624e+01
4.764704629497852295e+01
4.621777130134933742e+01
4.603804967541275062e+01
4.692113436648688207e+01
4.577923738337852200e+01
4.622526052539006969e+01
4.588761519769898456e+01
4.582536294041087643e+01
4.667788854061321047e+01
4.692635340652412168e+01
4.744217903143636761e+01
4.657404910215112182e+01
4.567805587500123465e+01
4.653354221592572060e+01
4.640099280009152949e+01
4.620426327680902290e+01
4.806912486766149328e+01
4.788698156408582918e+01
4.797807963376435936e+01
4.749269239978935531e+01
4.762123458482503935e+01
4.756518132932823306e+01
4.653990439705719950e+01
4.754171068175900672e+01
4.762432379948999994e+01
4.772486432784580046e+01
4.712257289341673072e+01
4.606931270916381038e+01
4.665759233134465234e+01
4.692378580615187644e+01
4.591546383967190792e+01
4.704919227585143915e+01
4.636303131711396475e+01
4.752468819953566026e+01
4.690355579673306607e+01
4.725332227149694830e+01
4.754394243970396872e+01
4.805115778349103550e+01
4.657079913850608222e+01
4.780912144790416818e+01
4.831894536769888049e+01
4.782665797928866880e+01
4.730484050874417790e+01
4.699681876431916550e+01
4.722234374391113221e+01
4.766809764282032091e+01
4.864646985333909157e+01
4.791748787088118888e+01
4.821333482171902318e+01
4.824843593716651924e+01
4.797932830512943525e+01
4.837182024926273982e+01
4.825161918400294780e+01
4.751218429941210530e+01
4.819610841056928052e+01
4.566303658635699492e+01
4.534258249182692424e+01
4.831059113598487897e+01
4.747642440758065874e+01
4.696547340935462245e+01
4.775976249958045372e+01
4.640828595501555043e+01
4.829939756761825009e+01
4.743115908046265616e+01
4.714037327678006761e+01
4.787801242052421458e+01
4.748959174852176801e+01
4.704967685645390674e+01
4.617888306855176950e+01
4.712495800772379084e+01
4.742519119850003761e+01
4.769928075369320908e+01
4.679933192529851738e+01
4.815527584254640914e+01
4.853102997175716382e+01
4.839457892944398054e+01
4.683599430585091028e+01
4.742124125595911011e+01
4.558634515894176076e+01
4.658611832789597429e+01
4.667851651805533209e+01
4.671218953796831386e+01
4.680381473416395011e+01
4.699099212817972671e+01
4.724609970358913102e+01
4.790711370609680841e+01
4.685702236867522430e+01
4.699757272760892590e+01
4.721041102113916565e+01
4.724357757793560353e+01
4.744699464312974158e+01
4.751761397657595154e+01
4.715103281152836701e+01
4.738471452877735146e+01
4.722495797698734066e+01
4.631725542106107696e+01
4.705119701911247176e+01
4.699269452877966557e+01
4.665884028076143863e+01
4.716679759899957958e+01
4.767944421781179187e+01
4.716901117808742327e+01
4.747156065938308700e+01
4.656257647360141760e+01
4.710406499673072744e+01
4.660315116825925230e+01
4.761663987649573926e+01
4.798498398616936100e+01
4.690026803159053514e+01
4.765871218664677400e+01
4.676958048064329887e+01
4.741145790319257713e+01
4.736230241030607147e+01
4.629832988358435841e+01
4.688226403732846137e+01
4.552469112123318240e+01
4.689516840047412671e+01
4.711530721883588058e+01
4.673309093562932759e+01
4.713048338951607974e+01
4.809536717482039592e+01
4.642926749247185825e+01
4.819457071576358231e+01
4.852426206400850361e+01
4.788154659293258675e+01
4.882271591386485454e+01
4.765348899595161924e+01
4.830297505433163963e+01
4.899358605463443439e+01
4.707962185166915958e+01
4.801344436891518797e+01
4.784454353061464360e+01
4.665439507907471040e+01
4.732279230505269396e+01
4.716925299830825935e+01
4.752724603083000687e+01
4.791479315148201579e+01
4.781299177281345436e+01
4.722238002698909298e+01
4.753645252551180533e+01
4.760061033677212805e+01
4.847810360400715268e+01
4.691507672122877892e+01
4.663679502253012288e+01
4.893648105387091363e+01
4.739491751632236571e+01
4.815476664407303531e+01
4.818798236308488470e+01
4.618907672958993516e+01
4.646399751938522371e+01
4.599417326331526112e+01
4.699421860170456711e+01
4.682163778172509438e+01
4.816779692112094580e+01
4.736858799324005531e+01
4.747321981441483274e+01
4.704320760403886936e+01
4.884948735188587676e+01
4.906456099091552403e+01
4.885884310433362998e+01
4.734146030484723155e+01
4.815590915809572437e+01
4.700720852436054997e+01
4.701629356829757000e+01
4.601757714734013405e+01
4.688714643773927548e+01
4.594357913726418019e+01
4.644679635505430326e+01
4.704162734773575494e+01
4.735924750724279164e+01
4.637000179953473378e+01
4.660873221413265099e+01
4.754081562385965043e+01
4.668870593730147078e+01
4.832852813378355705e+01
4.775631254517973190e+01
4.730807438688361088e+01
4.725063681740788724e+01
4.737344146205028039e+01
4.689657373138794583e+01
4.702812472887527662e+01
4.689564881664033180e+01
4.766993108311888960e+01
4.746045494492019401e+01
4.743352131362756552e+01
4.720401999363031109e+01
4.684912391993081116e+01
4.652007124320301301e+01
4.786888916003979233e+01
4.787611800652559424e+01
4.654698846425505110e+01
4.582399427260691027e+01
4.718598631151946421e+01
4.549742656083222414e+01
4.630110133134174077e+01
4.654914738493815207e+01
4.636994576820842440e+01
4.586891483620041754e+01
4.567312403990555936e+01
4.570772373512579634e+01
4.585065234858384997e+01
4.684486361580835023e+01
4.757197793561375931e+01
4.813312387460731401e+01
4.732172411104706811e+01
4.749060029648936876e+01
4.796491172483818843e+01
4.847875941377777309e+01
4.751371418810180813e+01
4.741223963566112332e+01
4.736812847610354993e+01
4.812832070550101804e+01
4.759136972419951661e+01
4.734300851458690573e+01
4.899481755148036655e+01
4.804355626699031490e+01
4.846611037869154615e+01
4.912220188190967463e+01
4.824685643470522223e+01
4.797060467446030430e+01
4.794161742727332864e+01
4.765583627902418584e+01
4.851216170332713773e+01
4.686988743514874045e+01
4.762777523805427649e+01
4.830451886599222888e+01
4.818765001552770855e+01
4.815586379001596384e+01
4.763989322559375950e+01
4.804704563874274470e+01
4.642504795903977310e+01
4.772451987667458440e+01
4.749162672682672337e+01
4.714786246276085535e+01
4.719348156780890235e+01
4.699428032949303713e+01
4.469229326642808786e+01
4.650092100303277221e+01
4.644066960449947601e+01
4.722813724938949065e+01
4.647470821815841902e+01
4.720763528464353698e+01
4.709809533020700201e+01
4.691146299283025911e+01
4.640058061191406580e+01
4.774472947376501963e+01
4.745590388274160176e+01
4.662886029899630103e+01
4.600597699518315409e+01
4.642076043917739270e+01
4.789112689330958261e+01
4.625748548986162945e+01
4.625703586032768300e+01
4.683141131319904815e+01
4.678251408152598856e+01
4.746933670165704200e+01
4.648793677322446882e+01
4.675059823199755726e+01
4.670509493406461843e+01
4.809082077646877451e+01
4.790709002378088144e+01
4.848275794935192096e+01
4.786739791892922113e+01
4.691667113817619139e+01
4.773082151750257651e+01
4.763219299889080816e+01
4.667667501927660112e+01
4.690799014957521251e+01
4.801230714154221602e+01
4.796918233608509041e+01
4.766491206395126312e+01
4.793505787831937681e+01
4.650421018165782527e+01
4.667111487471633779e+01
4.699871231305256458e+01
4.670394081634687922e+01
4.692636864197736202e+01
4.608157676231427047e+01
4.732232270797581464e+01
4.792231039863971631e+01
4.802284479934732531e+01
4.882297167347503830e+01
4.907278277946206657e+01
4.874519730183730104e+01
4.815096246101430921e+01
4.860153272153962689e+01
4.810894563932239265e+01
4.765372198027309025e+01
4.695556742231369896e+01
4.546919549725251386e+01
4.807680079388529037e+01
4.807179355090024586e+01
4.709094290636918601e+01
4.712136043684547104e+01
4.759038888524394650e+01
4.727254941042179581e+01
4.645552898774653272e+01
4.773576598558005202e+01
4.700944605104002960e+01
4.737046798250049306e+01
4.720919695961757867e+01
4.737849034747216592e+01
4.732974252798194215e+01
4.792751303416898878e+01
4.790281078436193241e+01
4.584198669812599292e+01
4.608366560487984742e+01
4.497998399783527645e+01
4.725102306585581857e+01
4.525325409376425512e+01
4.496146202869976349e+01
4.710849140597714069e+01
4.779505741908821648e+01
4.636290571862913623e+01
4.603383754166280539e+01
4.509728907681284937e+01
4.567891422176234784e+01
4.612980450480498718e+01
4.673074999440157740e+01
4.589603864020383384e+01
4.469123851546478221e+01
4.563783594647811981e+01
4.578314020987433253e+01
4.658366806591668308e+01
4.907461772915022635e+01
4.804058302691299787e+01
4.760247629742385556e+01
4.808069088027554017e+01
4.851088185721806667e+01
4.641318228759641329e+01
4.688211338608510914e+01
4.756876048681574076e+01
4.760234647547873976e+01
4.972637024640485492e+01
4.697963327117769694e+01
4.835469121010606841e+01
4.720759093286002184e+01
4.689162664171312400e+01
4.729315875015108617e+01
4.940415002500720476e+01
4.880973126176473897e+01
4.883005069618162253e+01
4.645302784017552966e+01
4.567013811996150707e+01
4.592734702501397237e+01
4.589570535446281951e+01
4.508672715858217828e+01
4.729574910582415015e+01
4.619930552082536934e+01
4.756616171532871107e+01
4.717544518440512746e+01
4.517966939957969430e+01
4.645337899384421121e+01
4.697017611109482971e+01
4.827395865832117750e+01
4.864078329868900141e+01
4.860738422037781703e+01
4.822115042574355215e+01
4.793268240539868685e+01
4.710214954816828481e+01
4.760411645636627043e+01
5.011352676507367931e+01
4.956004560995639707e+01
4.786881289302028364e+01
4.790054216177387048e+01
4.829576281903230495e+01
5.001424005178325416e+01
4.981889659713448992e+01
4.868645950237392839e+01
4.822927902688819302e+01
4.780675174220107948e+01
4.867636036608099914e+01
5.019742383115614359e+01
5.058232413210082967e+01
5.020681840113987704e+01
4.985094844083519661e+01
4.873771007297390412e+01
4.854018292581085348e+01
4.834202463159331131e+01
4.846920684762461207e+01
4.905900702168752758e+01
4.986815407112854359e+01
4.799827989924673233e+01
4.800529460806808402e+01
4.774154678157293574e+01
4.801379896839641503e+01
4.818690965657368253e+01
4.772575861330267344e+01
4.605633401178424435e+01
4.564876837436037249e+01
4.681640723365297418e+01
4.655965183790493711e+01
4.593847677904390281e+01
4.760749737358684541e+01
4.786594187339663620e+01
4.736284565113074052e+01
4.776288061341602287e+01
4.759606288703248822e+01
4.621486631547072221e+01
4.669445610276177661e+01
4.692436157724981172e+01
4.608449790454006489e+01
4.740450659445554749e+01
4.728900521834228954e+01
4.553658563516759727e+01
4.525600005970127171e+01
4.655490549008931112e+01
4.670399450862755941e+01
4.668640443447764454e+01
4.684466223705642562e+01
4.574752654977537958e+01
4.615236025787915253e+01
4.697831034413041351e+01
4.685258051516775168e+01
4.592972323968249526e+01
4.647392369618606978e+01
4.767276730738938539e+01
4.720007785930845046e+01
4.719204006595060719e+01
4.721706822561208838e+01
4.755102133828231104e+01
4.598140617231713634e+01
4.720265098254343172e+01
4.696341301317675487e+01
4.666520901849907688e+01
4.651088646624822331e+01
4.679112746393273170e+01
4.549595936907282123e+01
4.610191743665443198e+01
4.675889746434925343e+01
4.699437730592294571e+01
4.662399186279643004e+01
4.697678564222846376e+01
4.625288766924730055e+01
4.717789301696200965e+01
4.665142690667027381e+01
4.710014250261671265e+01
4.651169598852514753e+01
4.654770820261461495e+01
4.756640756609693454e+01
4.701912002589482142e+01
4.795425056358735105e+01
4.768611881978137745e+01
4.699987102829620511e+01
4.706910765075895142e+01
4.672111021766912131e+01
4.680355393959474952e+01
4.770445734157536322e+01
4.652738488008250783e+01
4.746975984863890830e+01
4.800025835252359485e+01
4.796722995212436302e+01
4.659893195895931228e+01
4.638337371116069363e+01
4.576066264180859378e+01
4.718162774228015621e+01
4.683232004056565501e+01
4.687120160887796061e+01
4.774890511158864825e+01
4.735478067776867306e+01
4.671526703693199067e+01
4.750225331443520105e+01
4.660776339976648330e+01
4.656779032595309786e+01
4.700813740979474176e+01
4.744923607689410261e+01
4.715972022951002884e+01
4.719575571810857184e+01
4.735276353178677056e+01
4.703977525227653445e+01
4.817858023153917202e+01
4.760815974762491720e+01
4.689165788845458138e+01
4.651348890495912514e+01
4.623274931666036025e+01
4.712971651916981131e+01
4.672056479683334373e+01
4.707061918529302602e+01
4.629958555504028794e+01
4.609054676263431105e+01
4.556212924594485969e+01
4.587513399661509084e+01
4.703169782773063901e+01
4.665841865128110300e+01
4.672598170259265515e+01
4.749985619200678855e+01
4.647091895395047345e+01
4.689648057345748811e+01
4.602920919901709595e+01
4.704789351364703975e+01
4.601004455999738951e+01
4.652918212297863931e+01
4.666680194324532494e+01
4.756446866611071300e+01
4.769144949875567363e+01
4.791099565292163476e+01
4.693088002780356049e+01
4.759436227393660346e+01
4.782999481815172516e+01
4.679671821917934693e+01
4.676474264167227091e+01
4.694798922873457059e+01
4.701965870111899193e+01
4.779921935746403250e+01
4.644733082274957070e+01
4.641530768722977740e+01
4.660255261467017363e+01
4.649321718294309136e+01
4.680519464573931998e+01
4.520280078645095756e+01
4.597109812347940050e+01
4.649723832727610073e+01
4.602183246951665296e+01
4.502563569604878779e+01
4.578557121357163595e+01
4.626866361767652336e+01
4.695261514257823166e+01
4.719981444093702549e+01
4.698811691906745835e+01
4.665321330427700985e+01
4.752003117241623187e+01
4.694664410930883491e+01
4.702813307929612563e+01
4.604871479720982563e+01
4.640280318959302264e+01
4.633178198134463344e+01
4.595749163777852431e+01
4.676554919799365706e+01
4.543425487826623055e+01
4.594327055017225092e+01
4.702672369605136993e+01
4.525194200069927319e+01
4.613709758369465419e+01
4.651517168335993091e+01
4.715823944004087309e+01
4.593529539751765611e+01
4.632679894508331842e+01
4.671957845045621838e+01
4.538526837811933490e+01
4.608351125721245012e+01
4.652441870758011788e+01
4.737445353325669828e+01
4.758923948115850067e+01
4.710889495987215980e+01
4.692946588880796099e+01
4.729104394820183899e+01
4.684664612440051457e+01
4.777166052883020342e+01
4.721258338937993670e+01
4.795007640339838417e+01
4.748235210221139369e+01
4.700695115766978205e+01
4.728357260183066302e+01
4.725619728851804524e+01
4.722909491583648389e+01
4.770184682468865844e+01
4.710784052378181741e+01
4.577921249676178661e+01
4.659495801642843560e+01
4.559427814178033600e+01
4.589444731916124454e+01
4.596211242142376818e+01
4.529486086619988328e+01
4.620693725994578216e+01
4.612698667195776636e+01
4.692209054600870388e+01
4.740490198388565801e+01
4.717476918625022364e+01
4.631827002212576616e+01
4.698381400992121115e+01
4.799539404433615886e+01
4.776580469787872119e+01
4.766497722625739897e+01
4.756370017156005048e+01
4.700920013220836324e+01
4.850646081507037621e+01
4.788732117127636911e+01
4.772639716294579415e+01
4.720227232207957258e+01
4.847141423049098563e+01
4.729996305618524133e+01
4.770979667449066852e+01
4.599945216511751767e+01
4.721458632485786922e+01
4.772998318505100457e+01
4.805866204461736402e+01
4.647716292612953026e+01
4.571451937213953443e+01
4.573596870505383549e+01
4.569402785335959294e+01
4.593549390825398859e+01
4.576751628321775911e+01
4.688995445729658940e+01
4.574762818858491187e+01
4.617762178668640871e+01
4.567433552955809262e+01
4.593432802893744338e+01
4.568075875115681583e+01
4.696331387857507167e+01
4.757903368385326104e+01
4.736281549265346058e+01
4.601930419459691990e+01
4.659578956314310716e+01
4.573899369375195079e+01
4.593411429153498204e+01
4.671498416362741324e+01
4.591332844855541140e+01
4.712126888872115416e+01
4.641569781279915929e+01
4.710017819689134910e+01
4.572125880462218106e+01
4.756031074023096750e+01
4.810068550240203678e+01
4.780766017153796099e+01
4.623965910821259939e+01
4.705970563182028599e+01
4.880992675995204877e+01
4.635376153470902238e+01
4.741917217384509087e+01
4.740990453303645324e+01
4.701435623838995070e+01
4.718663680338264754e+01
4.637396045158551772e+01
4.713387532224270871e+01
4.598761740367701378e+01
4.664534857417710612e+01
4.628403968195641482e+01
4.634270168783523758e+01
4.576605941176471504e+01
4.581006316929638444e+01
4.489201881877712452e+01
4.554487022087172932e+01
4.644455765501924560e+01
4.675799535456989986e+01
4.672691536606838270e+01
4.598360327805474412e+01
4.674263581871941398e+01
4.618970700867088652e+01
4.602789774904643139e+01
4.642809297009537062e+01
4.694078349102998970e+01
4.661437261719473213e+01
4.640752058233310606e+01
4.658124339359888211e+01
4.689148547117554244e+01
4.639190822717408480e+01
4.688938820308889177e+01
4.533838062555295068e+01
4.640499934441464092e+01
4.645988188090116466e+01
4.584576844549283692e+01
4.583370366016823283e+01
4.768890196904311551e+01
4.755350587101387561e+01
4.648272194988437178e+01
4.654491358343572927e+01
4.687823718222637837e+01
4.671903930071068345e+01
4.730824184248226061e+01
4.716856041862607896e+01
4.638530519565919974e+01
4.736780211230406223e+01
4.788508402549341980e+01
4.789487662730758188e+01
4.823010396819099554e+01
4.694480596754790014e+01
4.858402872718848187e+01
4.835467375189997341e+01
4.804995757438735637e+01
4.891264504118051804e+01
4.737145126819230256e+01
4.781157274754663433e+01
4.886136810686647181e+01
4.867286517986921268e+01
4.859713772496684925e+01
4.942030693992612811e+01
4.922354806932005289e+01
4.907582544355784648e+01
4.817813192572063485e+01
4.686126682694254697e+01
4.658518397431503644e+01
4.650296893908100060e+01
4.785820377968815365e+01
4.669119520219997810e+01
4.640970614973507224e+01
4.743993910474829079e+01
4.656531583871248614e+01
4.693362309278219158e+01
4.661219736293040228e+01
4.705509812065459130e+01
4.626592530311685181e+01
4.671704013824206925e+01
4.648368586211911690e+01
4.654616192235208416e+01
4.641190935329608180e+01
4.683774293482262152e+01
4.679035144555841441e+01
4.617670415297950370e+01
4.793700112224927068e+01
4.676131370352776884e+01
4.745275834769830681e+01
4.774247807671763155e+01
4.755447397561682266e+01
4.714520630261390721e+01
4.744280275476656783e+01
4.792590049754993231e+01
4.582767154920536257e+01
4.621470135540507584e+01
4.608978589872923237e+01
4.616184501976056254e+01
4.535029804989217439e+01
4.644860125964589059e+01
4.646661678564382214e+01
4.716749419051550518e+01
4.645967772498048731e+01
4.577383493875857567e+01
4.657390815994701683e+01
4.735290987813173302e+01
4.728667759873710708e+01
4.876689828177127595e+01
4.707714167928526194e+01
4.682896480000695050e+01
4.733978656516150352e+01
4.719417618581154983e+01
4.734337024378349668e+01
4.572657993177403313e+01
4.692083431609612632e+01
4.742078762800456815e+01
4.727888513127558667e+01
4.679231931105502440e+01
4.672132286083571273e+01
4.649507444992028837e+01
4.741428683798105226e+01
4.691071080042239316e+01
4.646432036590525883e+01
4.524727318188237746e+01
4.686735980715242533e+01
4.734574243736608423e+01
4.694992009402439948e+01
4.831913341848580501e+01
4.749545462682895192e+01
4.665048160729834592e+01
4.756103553685298380e+01
4.664195931505093995e+01
4.763452915553490641e+01
4.822299677535259121e+01
4.736720122918510611e+01
4.669579728193082246e+01
4.669511694714076100e+01
4.854252979447781513e+01
4.809776654078221725e+01
4.825030867097837017e+01
4.652734168301299889e+01
4.601459623268257815e+01
4.502932397355368721e+01
4.589306759719759299e+01
4.682302349639515171e+01
4.695098995639601469e+01
4.758068981078695003e+01
4.911995973642243740e+01
4.852588268802548299e+01
4.829828094200013311e+01
4.879861235845490341e+01
4.807559015047623774e+01
4.843952471059331089e+01
4.829428316723736003e+01
4.817787407447564618e+01
4.806771342184619300e+01
4.808902420401751954e+01
4.800557700488300128e+01
5.000084726047473538e+01
4.954705885953686817e+01
5.023850124384620841e+01
5.007765681864736962e+01
4.920891060927672100e+01
4.898680231043125133e+01
4.794921176600794155e+01
4.919046673254141666e+01
4.906000099249764901e+01
4.903574795410168718e+01
4.946860424292744085e+01
4.764122413203354967e+01
4.970762110894933272e+01
4.829357676235964192e+01
4.960064620214036779e+01
4.885477646959237319e+01
4.962364868869226342e+01
5.051652370830969829e+01
4.935337000376285488e+01
5.018492694085377792e+01
5.080620504632969414e+01
5.025470074153528088e+01
4.936557019590282636e+01
5.034074039164643466e+01
4.811892545819262068e+01
4.803980948006327623e+01
4.774386650208856508e+01
4.782609073044314130e+01
4.803009907631169284e+01
4.911469723362569795e+01
4.923615061430031403e+01
4.803572491533895317e+01
4.873036311537718035e+01
5.014924641848296005e+01
4.894853035697058630e+01
4.831883282041490446e+01
4.845494380301371962e+01
4.777086783974743156e+01
4.908671416272698451e+01
4.846759892210778276e+01
4.964363293821622847e+01
4.951344937277962543e+01
4.945238278240704233e+01
4.955886673906139350e+01
4.902706070747787948e+01
4.848258312708323814e+01
5.013153369444565044e+01
4.972166675536468006e+01
4.876066489502692747e+01
4.864885576599666450e+01
4.888688716416179147e+01
4.885469360176033859e+01
4.880808746640197882e+01
4.913060706471314631e+01
4.963545610593870805e+01
5.069150296988330240e+01
4.868225862060934617e+01
4.835862768808036094e+01
4.925122452225085112e+01
4.896195998389011095e+01
4.931827372261415832e+01
5.000936649389967670e+01
4.732007583162216235e+01
4.809507360857791980e+01
4.805601275526110072e+01
4.831582210236522457e+01
4.713206895135598273e+01
4.744309458449614425e+01
4.787916940705387958e+01
4.763367700772099766e+01
5.010514839035182888e+01
4.927614203575165419e+01
4.640853977005757258e+01
4.934501874448251613e+01
4.858001559813212822e+01
4.779059710994742005e+01
4.795824265127451724e+01
4.749621864811022220e+01
4.744947068455621064e+01
4.985106018170433373e+01
4.810093460439095026e+01
4.817131893376475205e+01
4.831764903115639243e+01
5.021197560971525320e+01
4.938504746087861719e+01
4.838366735480763481e+01
5.033551936714310671e+01
4.914817343419635165e+01
4.896777305326330776e+01
4.780310110204692364e+01
4.798712114950654239e+01
4.769792502396020950e+01
4.760590318697791901e+01
4.882066738556331131e+01
4.812192036742765566e+01
4.877674168964541934e+01
4.723897776786224512e+01
4.816366851465879506e+01
4.820189714682878446e+01
4.787026268555307951e+01
4.801232344907963068e+01
4.614990114001419386e+01
4.767282144737751537e+01
4.742502340125685834e+01
4.787346660199839476e+01
4.772293642344809683e+01
4.751162268052209470e+01
4.870417028967478501e+01
4.732247033814250869e+01
4.662253823367123573e+01
4.803022925596570047e+01
4.765819792089228457e+01
4.880947991477755465e+01
4.863323744820802830e+01
4.777653989200426565e+01
4.856566700019882887e+01
5.017284343006237179e+01
4.909213312788300243e+01
4.864161120854203091e+01
4.810826163816970791e+01
4.863279382344602908e+01
4.863165879770242839e+01
4.974569437948623118e+01
4.783828702245639164e+01
5.018816091919034506e+01
4.855950216566468924e+01
4.815358142473964165e+01
4.914269061004438299e+01
4.822686451748438685e+01
4.833471844147872076e+01
4.802163518191238722e+01
4.850027505005672879e+01
5.013489365205455073e+01
4.858910677392446331e+01
4.862367489997279790e+01
4.879465450551251138e+01
4.851824860955195362e+01
4.865716221378868767e+01
4.906366828454694229e+01
4.768535553243296476e+01
4.782075488445602218e+01
4.895207511770944109e+01
4.849355561721933583e+01
4.994836362235913185e+01
4.882818610505494661e+01
4.918611962504311208e+01
4.916597797900266187e+01
4.951328397687859706e+01
4.877885211423259193e+01
4.850517895119592993e+01
4.867532890535399304e+01
4.777662284730089226e+01
4.850068004677952160e+01
4.883018213231017768e+01
4.965459001667834116e+01
4.809127002059928913e+01
4.812048674201771092e+01
4.794610793945020788e+01
4.842652813798910927e+01
4.777339990724826180e+01
4.756887609229598723e+01
4.804434188872038192e+01
4.908558568628557595e+01
4.927828600095074307e+01
4.950017136493683978e+01
4.848938304447836600e+01
4.841330855536943290e+01
4.646265306816132323e+01
4.680361446134421755e+01
4.769105438324340440e+01
4.814111539669458040e+01
4.737502256997810690e+01
4.797308594333319576e+01
4.850716985118772584e+01
4.730636692391889397e+01
4.857012182667000388e+01
4.762526886088959088e+01
4.822579354434159882e+01
5.023651694792071964e+01
4.803080038422372411e+01
4.797335483910479326e+01
4.725449416597211183e+01
4.712301401888878161e+01
4.799831239403434324e+01
4.636147640506944612e+01
4.750180857641560550e+01
4.765024770636423312e+01
4.995268497075677772e+01
4.859800821759420586e+01
4.791434230810797601e+01
4.933765929971914233e+01
4.887766518625490164e+01
4.825834024069314410e+01
4.805944613208500016e+01
4.872851152513104722e+01
4.863326481282746272e+01
4.858595526380742768e+01
4.671731847353786549e+01
4.675447381274388903e+01
4.742556375414611836e+01
4.904248999786059926e+01
4.897185295157026985e+01
4.867470690080769202e+01
4.924075083634325267e+01
4.860564419711232631e+01
4.938954939300260349e+01
4.973366907881438692e+01
4.845785641475362127e+01
4.867974190733067275e+01
4.695526900004924897e+01
4.839572991175266736e+01
4.822820023891199526e+01
4.725995450167191336e+01
4.834708061925497447e+01
4.830214513722345515e+01
4.898751519072535388e+01
4.974929209482493064e+01
4.781048266185586471e+01
4.696198061343974217e+01
4.725205003108239055e+01
4.557505714693290599e+01
4.774489073146767026e+01
4.613704898380918706e+01
4.706253549098084932e+01
4.738466825796476911e+01
4.741060607690499040e+01
4.673341344241948292e+01
4.708379726407206078e+01
4.513192139275181347e+01
4.717594725796303123e+01
4.750633237239040341e+01
4.989239303046498719e+01
4.859838884182973118e+01
4.706843885783672476e+01
4.896247823426730150e+01
4.741905208008064676e+01
4.748855963136309555e+01
4.709448590781806132e+01
4.664419944394415296e+01
4.585406389834557928e+01
4.780113746032456845e+01
4.698801210390518435e+01
4.608617987675225436e+01
4.611981309182941402e+01
4.694335716817757032e+01
4.811948248574579168e+01
4.669344922970689993e+01
4.841155970808549114e+01
4.897221096006050800e+01
4.785124255379150782e+01
4.848481638694319429e+01
4.761532616109408167e+01
4.820203173912886285e+01
4.764972211967936744e+01
4.521560155457845553e+01
4.719435823876484903e+01
4.689694367240959139e+01
4.695261308927398858e+01
4.557414023139369874e+01
4.658767122569921781e+01
4.676057717948646797e+01
4.591862123682133046e+01
4.571602239326887940e+01
4.796070982552422635e+01
4.574839192208407468e+01
4.826022429045234929e+01
4.621895957432006696e+01
4.903019702484640163e+01
4.796800005255564514e+01
4.507932272078858205e+01
4.722831059696358835e+01
4.721207148375762586e+01
4.810758716466521179e+01
4.679449364335108186e+01
4.631639290180103785e+01
4.894227908958484363e+01
4.889883765534389681e+01
5.003648636482680701e+01
4.910844618452344434e+01
5.011856206110842749e+01
4.860010971541304059e+01
4.836726645854820106e+01
4.659763961114466468e+01
4.946963413174603375e+01
4.672812444888088379e+01
4.696485530768319450e+01
4.541535435070973392e+01
4.593255957444480231e+01
4.469549578687747982e+01
4.583611887294812703e+01
4.623554692781178233e+01
4.613624343560972818e+01
4.723940936983682803e+01
4.931391148912231870e+01
4.852512105277809695e+01
4.544700559419960939e+01
4.786111430314527126e+01
4.876674894550696138e+01
4.992574588029422245e+01
5.130467480964062332e+01
5.174802806779539566e+01
5.020546893668662136e+01
4.937157611750971853e+01
4.820293096440124003e+01
4.839374658059647771e+01
4.772146636249166818e+01
4.716889300969089760e+01
4.701367168410822472e+01
4.651656340975856807e+01
4.676876667059948289e+01
4.646495303076540040e+01
4.691251613811996179e+01
4.665458725867269152e+01
4.602466277209300216e+01
4.679969440201955422e+01
4.822930800374393101e+01
4.827188934262816389e+01
4.960440635859954739e+01
4.847376248365553408e+01
4.954047780603178808e+01
4.808280741574593264e+01
4.730559680420889634e+01
4.774171481215449830e+01
4.742051461070303731e+01
4.764927709114105880e+01
4.869149132603500618e+01
4.840725155064315999e+01
4.872141493195008621e+01
4.609714441367889037e+01
4.691145848599835233e+01
4.565491716496675423e+01
4.648111574078507147e+01
4.697107348575470098e+01
4.598833714768817060e+01
4.670025202151883548e+01
4.756604132535979801e+01
4.579221819533792370e+01
4.705331474083032361e+01
4.789154420126007494e+01
4.804169639887377485e+01
4.804465570290359722e+01
4.929051938840909486e+01
4.866822749232819945e+01
4.607220775984959005e+01
4.662318355332325837e+01
4.734717090805418849e+01
4.903476843559294451e+01
4.777330799225560298e+01
4.844301748953918008e+01
4.825054556731114985e+01
4.857064644746708382e+01
4.898120947816862270e+01
4.691529988383427963e+01
4.871915521239678526e+01
4.785378847712983941e+01
4.883635670383309701e+01
4.836687274766874367e+01
4.887003104757271643e+01
4.862009352960797059e+01
4.839512080317685871e+01
4.764869611534352600e+01
4.739666218374259898e+01
4.746140046213570685e+01
4.759129292126606714e+01
4.663052701124360766e+01
4.676942897297982427e+01
4.713430943595638922e+01
4.740616524871914805e+01
4.736320713621248046e+01
4.794817725938315789e+01
4.686758165713691682e+01
4.909559299043851865e+01
4.865990523515687016e+01
4.985350566070511746e+01
4.927793601133897283e+01
4.765442758742279494e+01
4.962998067919038192e+01
4.832764601548331740e+01
4.796391327668752069e+01
4.719390354182267799e+01
4.684884789139853467e+01
4.772811712243180438e+01
4.851853921805334124e+01
4.760190007949760371e+01
4.616583927806193088e+01
4.680297434616130658e+01
4.720430888610107445e+01
4.790363588331894817e+01
4.715516804111570792e+01
4.850905300836922152e+01
4.843325353870321948e+01
4.776994910401086258e+01
4.668718753054486825e+01
4.596782617026744333e+01
4.637838412475940686e+01
4.748837996668510186e+01
4.632458804897770221e+01
4.668178113302042220e+01
4.718528811493830943e+01
4.610050152563444215e+01
4.481949981054103205e+01
4.780723768417675501e+01
4.582827395786228664e+01
4.682168643794486940e+01
4.931203229009548039e+01
4.876694986345878391e+01
4.623223857692364902e+01
4.684498057326717202e+01
4.741102023369557372e+01
4.698903824724767020e+01
4.514000271502334272e+01
4.470391774592953027e+01
4.550690971830174192e+01
4.622974479272728843e+01
4.518600460406754848e+01
4.589228185984001840e+01
4.476975911152445775e+01
4.504707820264786022e+01
4.404407697518413300e+01
4.559001818406107276e+01
4.607902299672657875e+01
4.531326671687843088e+01
4.364655739555476544e+01
4.383254419631946064e+01
4.535752714187820089e+01
4.477099898063801220e+01
4.455482231025750650e+01
4.620140139464805173e+01
4.622732857292503184e+01
4.576029291190351245e+01
4.479422672660340510e+01
4.533766257377496345e+01
4.508700166202605430e+01
4.600234416242471269e+01
4.514061319337821487e+01
4.676577415383636804e+01
4.586935926924913076e+01
4.536316255888249316e+01
4.607861470079314614e+01
4.674735191548492708e+01
4.714172409190258861e+01
4.742873325188710965e+01
4.572759787273508181e+01
4.745409401984101549e+01
4.710813742798394088e+01
4.773224317880150380e+01
4.839347017164677567e+01
4.841485547360714747e+01
4.627353793368175872e+01
4.701437301407602831e+01
4.807269400963971151e+01
4.718328257335321041e+01
4.643412593252862308e+01
4.770232314363526172e+01
4.640775891210657988e+01
4.542068809484626257e+01
4.563931782387482627e+01
4.565272636482047375e+01
4.674370408064679339e+01
4.549506391266582739e+01
4.550107200714997191e+01
4.492389837222705751e+01
4.580714115458231817e+01
4.472117814277882530e+01
4.554882335648791525e+01
4.506795221048565736e+01
4.421868447134468738e+01
4.404779018819073144e+01
4.509290215257011170e+01
4.559110827419881673e+01
4.403772256233704496e+01
4.547221962686163010e+01
4.621361390617280307e+01
4.557038021956654461e+01
4.677913491055153372e+01
4.599022475957992384e+01
4.511101009881623725e+01
4.627167489109230303e+01
4.667595391376112701e+01
4.484130168579374498e+01
4.574272750219683559e+01
4.626533829713928014e+01
4.677899316645740413e+01
4.627282923083750177e+01
4.597488088113468052e+01
4.600066034818757998e+01
4.642605642782398689e+01
4.598343576272748834e+01
4.692081568445322404e+01
4.610480340754818229e+01
4.557040173827835616e+01
4.676142743129209123e+01
4.653758912343294440e+01
4.745751742736253220e+01
4.535974169677049872e+01
4.581620336126682957e+01
4.536549879129617580e+01
4.726302088500402476e+01
4.890719680057362240e+01
4.768694343987596085e+01
4.822153314748858577e+01
4.883227809164717570e+01
4.697536034347553624e+01
4.616138327807493624e+01
4.705967759630883762e+01
4.700746292577559871e+01
4.716797968855212986e+01
4.673494114651096965e+01
4.727818252454872550e+01
4.785816407081679102e+01
4.719516794250085212e+01
4.616917927920150788e+01
4.625181526215938277e+01
4.623757957542662922e+01
4.624233260946256507e+01
4.799218646288475298e+01
4.901011339983895709e+01
5.011807383062750887e+01
4.840725499136261334e+01
4.822437163644003277e+01
4.870253553978403716e+01
4.817055227740765844e+01
4.903423923232345061e+01
4.721417077702621867e+01
4.893400467466275927e+01
4.863965150322396624e+01
4.824411134801246703e+01
4.782514902064512086e+01
4.926739274785205680e+01
4.753109251272008606e+01
4.563408450569176011e+01
4.583251644743197062e+01
4.465860642169390360e+01
4.610402709326000803e+01
4.764166521729194415e+01
4.510741913641493284e+01
4.743324611258280044e+01
4.827341768433952041e+01
4.695895274461118873e+01
4.554461185595039296e+01
4.672065767843169937e+01
4.888966019410418795e+01
4.666994142333853546e+01
4.751988520286995765e+01
4.697788230617103267e+01
4.816698344852498792e+01
4.798831195820831397e+01
4.872410802054697854e+01
4.858318822132858372e+01
4.617753881343580957e+01
4.597767962464403979e+01
4.633182235462317777e+01
4.644757648252603843e+01
4.766432322345406192e+01
4.673279264530992805e+01
4.635404280056471293e+01
4.618220197740010491e+01
4.734887737375645855e+01
4.756234941346040301e+01
4.887617874715988364e+01
4.735119295504800618e+01
4.808324310170851845e+01
4.893623593340074507e+01
4.782799783660606607e+01
4.740990674538576144e+01
4.676918093043498459e+01
4.736130047064060022e+01
4.602423867317337880e+01
4.818239063673629374e+01
4.899897554058037485e+01
4.784412808548184870e+01
4.799347256928496108e+01
4.786585396225391520e+01
4.748114458004007332e+01
4.894602410179862773e+01
4.852895860779803883e+01
4.846207015805784835e+01
4.812423792301279946e+01
4.702095504695611083e+01
4.631772040496264253e+01
4.637330425200056538e+01
4.785205185681892459e+01
4.797709831892210985e+01
4.914142623806077381e+01
4.857180503715902375e+01
4.595091885757958039e+01
4.669030929255172424e+01
4.829262063161046825e+01
4.699642436495059172e+01
4.692145112629065551e+01
4.703335755529397488e+01
4.924557600571805693e+01
4.874792316486795585e+01
4.804645799530391059e+01
4.885167054721141255e+01
4.809426503489891047e+01
4.795989936211387317e+01
4.736533566765612591e+01
4.793338004945244535e+01
4.879994836808526770e+01
4.855849686269861110e+01
4.933317445296546566e+01
4.770438678310594582e+01
4.683406304867622083e+01
4.611458387021146876e+01
4.772450040961563644e+01
4.759836547107794757e+01
4.856200019186476169e+01
4.612766373164306799e+01
4.629522832091877405e+01
4.696312529000568503e+01
4.774862390307572468e+01
4.762260957804788575e+01
4.711885336397270407e+01
4.813163217016249718e+01
4.818841426286934393e+01
4.806550933658044755e+01
4.881619004333808931e+01
4.884085394026709537e+01
4.899722865192553911e+01
4.898025299719416381e+01
4.969916937186791017e+01
4.841829576727133855e+01
4.897524368906503156e+01
4.947543696572302707e+01
4.905055008063570909e+01
4.809157859452072614e+01
4.809981581721575594e+01
4.645957076150676812e+01
4.820298210098561498e+01
4.943454837329119300e+01
4.940572422315033663e+01
4.907257027212307321e+01
4.770563089597384021e+01
4.872590006674164442e+01
4.854150361374126277e+01
4.872896902048136525e+01
4.856164239989871589e+01
4.922089892788924459e+01
4.916548925130354775e+01
4.941256365248819549e+01
4.895159299096350480e+01
4.876407337143552212e+01
4.942639005926663742e+01
4.699289789324421918e+01
4.708591102477896584e+01
4.711355830795447019e+01
4.786905674734627780e+01
4.846932439144493543e+01
4.762868329028250258e+01
4.911195574145739329e+01
4.929258337991648631e+01
4.726142786564028597e+01
4.656919874191519426e+01
4.512928098308694302e+01
4.689162549022624660e+01
4.868204675214345656e+01
4.793828527048855648e+01
4.991155004487519165e+01
4.927672983324589495e+01
4.960239832751559419e+01
4.960307644150370976e+01
4.888294070404718639e+01
4.905578457063865727e+01
4.991330567137440966e+01
5.017918853036143645e+01
4.967887578323421138e+01
4.871827197796390152e+01
4.983773184689465552e+01
4.937591671808029048e+01
4.830557047387205216e+01
4.912062723045081469e+01
4.839936334115672878e+01
4.845297738971076740e+01
4.884057302981982218e+01
4.931760574055560653e+01
4.834475161241552854e+01
4.777248190681712714e+01
4.926681488815714971e+01
4.865552492032689713e+01
4.987695181864165050e+01
4.989946252350338796e+01
4.962871959347864959e+01
4.863235579618208249e+01
4.918244113122356964e+01
4.773743739642478090e+01
4.901414833639177004e+01
4.877423154684675666e+01
4.928827371939898683e+01
4.824743154052795546e+01
4.748744777405461548e+01
4.805989162075468357e+01
4.876676512421639131e+01
4.720862559872987418e+01
4.834634150201521408e+01
4.702391520747793408e+01
4.733048507622795142e+01
4.705811689713667079e+01
4.823024509344600830e+01
4.830790172726307219e+01
4.782539039029118300e+01
4.973199154228215946e+01
4.839771510140349875e+01
4.991156371698760097e+01
4.897309823786259386e+01
4.986503196623089451e+01
4.865390918789231023e+01
4.794417832795949863e+01
4.791206014149809533e+01
4.910026530835784797e+01
4.766477106186192003e+01
4.825667273919812317e+01
4.788962168783903905e+01
4.806042290094501368e+01
4.936394871609633128e+01
4.905772239774518084e+01
4.979355807408930445e+01
5.007416409297428572e+01
4.890469219577799720e+01
4.944513600417372601e+01
4.956791624475781077e+01
4.926362003825180125e+01
4.965628103721520148e+01
4.754715624501027804e+01
4.801875937151884699e+01
4.724546611973696031e+01
4.701419277768075489e+01
4.756513343140132832e+01
4.740110508849271298e+01
4.845411834491443415e+01
4.834101398700892815e+01
4.714135544736651440e+01
4.757014732699824577e+01
4.735136531005792904e+01
4.835726423877615332e+01
4.942507102434079513e+01
5.033635580434720680e+01
5.056670535675417000e+01
4.902400163086225859e+01
4.890658931504531637e+01
4.862173272051196449e+01
4.917817047825770516e+01
4.839171012686693274e+01
4.932070628339947405e+01
4.842208003139911909e+01
4.837494688324829895e+01
4.718622454581488057e+01
4.890776975849773578e+01
4.983729060480630579e+01
4.977639615357789182e+01
4.864846108528480073e+01
4.986527772945315462e+01
4.913430101041070230e+01
4.818962070912099449e+01
4.871923811562963635e+01
4.868645777579990863e+01
4.972297203424994194e+01
4.908289963455329286e+01
4.929512333918215461e+01
4.824046088071438732e+01
4.922850658105459587e+01
4.823474153123608232e+01
4.811221841815284250e+01
4.800132248439953031e+01
4.734115126537750484e+01
4.851472363071566463e+01
4.864817080180585407e+01
4.614335168489697736e+01
4.886370504419596728e+01
4.946275903969371512e+01
4.899076009614905303e+01
4.964887073278102747e+01
4.891742646115352500e+01
4.838742253991124898e+01
4.890705391067395169e+01
4.841404943715041043e+01
4.871531724668819407e+01
4.637599108182187280e+01
4.683480729191607139e+01
4.619281124195833854e+01
4.527003499637594075e+01
4.579394787524053356e+01
4.716944804115264844e+01
4.699802777726156222e+01
4.678298559791571876e+01
4.981458857164887633e+01
4.785997873205329967e+01
4.755159816825549512e+01
4.810731846610119788e+01
4.951249489770509626e+01
4.954933370600630838e+01
4.891629037961607196e+01
4.925503961008290332e+01
4.976940434420433945e+01
4.928873228813954199e+01
4.897094390302810751e+01
4.831948711436832156e+01
4.687120739756672805e+01
4.819470629516478510e+01
4.884242147033994996e+01
4.810732426407215456e+01
4.745515194040910245e+01
4.873703926003783238e+01
4.858946745168238834e+01
4.786430779762275023e+01
4.851464277568630479e+01
4.923268396434835381e+01
4.839187788516426991e+01
4.805637433118661761e+01
4.793400478245573737e+01
4.627106177484935756e+01
4.638401651723242480e+01
4.719057603899648257e+01
4.768359335993883974e+01
4.543016570973551183e+01
4.704873023742857185e+01
4.734619272144677637e+01
4.753117825391073836e+01
4.827749335649611595e+01
4.772396130094755762e+01
4.677108279427521609e+01
4.648378615490344146e+01
4.622355812775395378e+01
4.603669895435857740e+01
4.485172728282619659e+01
4.580166141300509253e+01
4.584857021374888575e+01
4.588788779824550090e+01
4.667451333513665190e+01
4.691824582278374578e+01
4.636763353797810794e+01
4.617576705891849542e+01
4.442506814484210054e+01
4.461956215123542080e+01
4.536687705264499471e+01
4.617716054369042666e+01
4.547221656744943630e+01
4.539347180328516629e+01
4.589462705577297896e+01
4.433631977985204031e+01
4.611227749600644188e+01
4.418638749605814553e+01
4.539747044926847508e+01
4.601652303207364270e+01
4.697660496557208631e+01
4.741744505026522916e+01
4.665272673832262029e+01
4.705826784542702512e+01
4.708287323771077126e+01
4.657848812589962506e+01
4.678067854785767565e+01
4.612152114060419450e+01
4.660125073518604921e+01
4.503650111632374831e+01
4.524176200823855254e+01
4.627133558808953495e+01
4.585178520534126534e+01
4.575305511598812558e+01
4.627138991842024751e+01
4.722109614194997818e+01
4.680903586180529885e+01
4.744725236167429472e+01
4.620901914746301031e+01
4.612264533196385230e+01
4.793597380153048704e+01
4.742779290639099798e+01
4.762143727614694910e+01
4.685309382874432771e+01
4.660066147636819522e+01
4.643078173029270772e+01
4.678643425407538814e+01
4.757360862644902966e+01
4.689642081117654016e+01
4.728934293480536866e+01
4.714580567941179368e+01
4.738084007979725953e+01
4.741317812429367962e+01
4.707661921696271179e+01
4.672981705841830546e+01
4.705175970013844733e+01
4.946769426059347552e+01
4.840022244974322518e+01
4.913092865723263003e+01
4.785179265002548021e+01
4.683641052853436548e+01
4.621391096082005845e+01
4.473950108058761543e+01
4.733357601810120485e+01
4.710208998185805029e+01
4.683015718524981708e+01
4.738429826072950846e+01
4.776962722509705372e+01
4.738591567596974841e+01
4.659641410951009988e+01
4.603029349647470525e+01
4.693013408560696575e+01
4.795163953449646499e+01
4.658949273185961459e+01
4.822297159422055302e+01
4.695340108244385391e+01
4.616823187584226673e+01
4.558108452497053520e+01
4.663308857549012032e+01
4.544356421677989033e+01
4.602284155550022859e+01
4.634022102198444770e+01
4.582228157218488462e+01
4.785084965072125129e+01
4.777609806034308093e+01
4.799755905768031283e+01
4.700577239748976410e+01
4.805248828414805473e+01
4.731299682829627784e+01
4.686831243343313957e+01
4.758780980820002071e+01
4.720567193090118252e+01
4.796193448903691348e+01
4.869407189575462525e+01
4.863845364867510312e+01
4.723627684873593324e+01
4.613212280907974616e+01
4.653283997170588293e+01
4.825379594942003081e+01
4.764343015130253178e+01
4.715010941863538108e+01
4.818043843394935521e+01
4.820706436135610318e+01
4.743045784659192776e+01
4.633780938843607089e+01
4.664258399609165906e+01
4.614366108383217835e+01
4.679679094950685680e+01
4.793667248113713697e+01
4.743822786927292867e+01
4.750439977389984847e+01
4.623835406807733506e+01
4.616593566805703119e+01
4.721671666553861257e+01
4.676271464293381541e+01
4.820266337201438489e+01
4.730715680574422066e+01
4.672882949064636193e+01
4.816043353344405631e+01
4.708568137217108074e+01
4.663328178830776238e+01
4.898937385580812531e+01
4.794429444686871733e+01
4.878959717618703706e+01
4.917917804551701977e+01
4.702397020185265575e+01
4.732250365077367604e+01
4.894332007293034081e+01
4.746189666330677426e+01
4.942945972696810486e+01
4.954775424311233678e+01
4.963795504304747652e+01
4.761457829199478908e+01
4.720281080659871265e+01
4.751849980500148263e+01
4.921577002316176674e+01
4.764609459970196070e+01
4.731194543346182968e+01
4.808990023420939508e+01
4.617104927839113060e+01
4.680498651983754854e+01
4.715365674263927076e+01
4.821697519388463604e+01
4.805256678458808040e+01
4.677128804932364403e+01
4.690651838931398032e+01
4.762424174534015719e+01
4.791114066797682369e+01
4.852831088921059433e+01
4.726785949785211471e+01
4.749849574224381854e+01
4.876355213510256448e+01
4.761321303245837555e+01
4.705256691080552400e+01
4.677788493488116472e+01
4.762062090580648999e+01
4.798661880253247602e+01
4.811176684513596058e+01
4.715831488708901276e+01
4.896043668740851018e+01
4.829157010151094909e+01
4.763759057550986853e+01
4.699669292190661452e+01
